0.0 Point SC[5].B[0] Primary Vector [0.0 0.0 -1.0] at SC[4]
0.0 Align SC[5].B[0] Secondary Vector [0.0 1.0 0.0] with L-frame Vector [0.0 1.0 0.0]
0.0 Align SC[6].B[0] Primary Vector [0.0 0.0 1.0] with L-frame Vector [1.0 0.0 1.0]
0.0 Point SC[6].B[0] Secondary Vector [1.0 0.0 0.0] at SUN
# 1.0 ShowHUD FALSE
# 1.0 CaptureCam TRUE

Reached CmdScript EOF at Time = 0.000000
Initializing glfw
Initializing Cam Window
Loading Cam Shaders
Loading Cam Textures
Loading 3D Noise
Loading Cam Lists
Done Initializing Cam Window
0.495134 -0.857597 0.139173 0.069587 -0.120527 -0.990268 0.866025 0.500000 -0.000000 
    42 Case ./DataCollectionSim/ is   0% Complete at Time =        0.000
0.495086 -0.857512 0.139864 0.068410 -0.122005 -0.990169 0.866146 0.499787 -0.001740 
0.495040 -0.857426 0.140556 0.067234 -0.123481 -0.990067 0.866265 0.499573 -0.003480 
0.494996 -0.857338 0.141247 0.066057 -0.124957 -0.989961 0.866381 0.499357 -0.005220 
0.494953 -0.857248 0.141938 0.064880 -0.126433 -0.989851 0.866494 0.499139 -0.006960 
0.494912 -0.857157 0.142629 0.063703 -0.127909 -0.989738 0.866605 0.498920 -0.008700 
0.494873 -0.857065 0.143320 0.062525 -0.129383 -0.989621 0.866713 0.498698 -0.010440 
0.494836 -0.856971 0.144010 0.061348 -0.130858 -0.989501 0.866818 0.498475 -0.012180 
0.494800 -0.856875 0.144701 0.060170 -0.132332 -0.989378 0.866921 0.498251 -0.013920 
0.494766 -0.856778 0.145391 0.058992 -0.133805 -0.989250 0.867022 0.498024 -0.015659 
0.494734 -0.856679 0.146082 0.057814 -0.135278 -0.989119 0.867119 0.497796 -0.017399 
0.494703 -0.856579 0.146772 0.056635 -0.136751 -0.988985 0.867215 0.497566 -0.019139 
0.494674 -0.856477 0.147462 0.055456 -0.138223 -0.988847 0.867307 0.497335 -0.020878 
0.494647 -0.856373 0.148152 0.054278 -0.139694 -0.988706 0.867398 0.497102 -0.022617 
0.494621 -0.856269 0.148842 0.053099 -0.141165 -0.988561 0.867485 0.496867 -0.024357 
0.494598 -0.856162 0.149531 0.051919 -0.142636 -0.988413 0.867570 0.496630 -0.026096 
0.494575 -0.856054 0.150221 0.050740 -0.144106 -0.988261 0.867652 0.496392 -0.027835 
0.494555 -0.855945 0.150910 0.049560 -0.145575 -0.988105 0.867732 0.496152 -0.029574 
0.494536 -0.855834 0.151599 0.048381 -0.147044 -0.987946 0.867809 0.495910 -0.031313 
0.494520 -0.855721 0.152288 0.047201 -0.148513 -0.987783 0.867884 0.495666 -0.033052 
0.494504 -0.855607 0.152976 0.046021 -0.149981 -0.987617 0.867956 0.495421 -0.034791 
0.494491 -0.855492 0.153664 0.044840 -0.151448 -0.987448 0.868025 0.495174 -0.036529 
0.494479 -0.855375 0.154353 0.043660 -0.152915 -0.987274 0.868092 0.494926 -0.038268 
0.494469 -0.855256 0.155040 0.042479 -0.154381 -0.987098 0.868157 0.494675 -0.040006 
0.494461 -0.855136 0.155728 0.041299 -0.155847 -0.986918 0.868218 0.494423 -0.041744 
0.494454 -0.855014 0.156415 0.040118 -0.157312 -0.986734 0.868278 0.494169 -0.043482 
0.494449 -0.854891 0.157103 0.038937 -0.158777 -0.986546 0.868334 0.493914 -0.045220 
0.494446 -0.854767 0.157789 0.037756 -0.160241 -0.986356 0.868388 0.493657 -0.046958 
0.494444 -0.854640 0.158476 0.036575 -0.161704 -0.986161 0.868440 0.493398 -0.048695 
0.494444 -0.854513 0.159162 0.035394 -0.163167 -0.985963 0.868488 0.493137 -0.050433 
0.494446 -0.854384 0.159848 0.034212 -0.164629 -0.985762 0.868535 0.492875 -0.052170 
0.494450 -0.854253 0.160534 0.033031 -0.166091 -0.985557 0.868578 0.492611 -0.053907 
0.494455 -0.854121 0.161220 0.031849 -0.167552 -0.985349 0.868619 0.492346 -0.055644 
0.494462 -0.853987 0.161905 0.030667 -0.169012 -0.985137 0.868658 0.492078 -0.057381 
0.494471 -0.853852 0.162589 0.029486 -0.170472 -0.984921 0.868694 0.491809 -0.059117 
0.494482 -0.853715 0.163274 0.028304 -0.171932 -0.984702 0.868727 0.491538 -0.060854 
0.494494 -0.853577 0.163958 0.027122 -0.173390 -0.984480 0.868758 0.491266 -0.062590 
0.494508 -0.853437 0.164642 0.025940 -0.174848 -0.984254 0.868786 0.490992 -0.064326 
0.494523 -0.853296 0.165325 0.024758 -0.176306 -0.984024 0.868812 0.490716 -0.066062 
0.494541 -0.853153 0.166008 0.023575 -0.177762 -0.983791 0.868835 0.490438 -0.067797 
0.494560 -0.853009 0.166691 0.022393 -0.179218 -0.983554 0.868855 0.490159 -0.069533 
0.494580 -0.852864 0.167373 0.021211 -0.180674 -0.983314 0.868873 0.489878 -0.071268 
0.494603 -0.852716 0.168055 0.020029 -0.182129 -0.983071 0.868888 0.489596 -0.073003 
0.494627 -0.852568 0.168737 0.018846 -0.183583 -0.982824 0.868901 0.489311 -0.074738 
0.494653 -0.852418 0.169418 0.017664 -0.185036 -0.982573 0.868911 0.489025 -0.076472 
0.494681 -0.852266 0.170099 0.016481 -0.186489 -0.982319 0.868919 0.488737 -0.078206 
0.494710 -0.852113 0.170779 0.015299 -0.187941 -0.982061 0.868924 0.488448 -0.079940 
0.494741 -0.851958 0.171459 0.014116 -0.189393 -0.981800 0.868926 0.488157 -0.081674 
0.494774 -0.851802 0.172139 0.012934 -0.190844 -0.981535 0.868926 0.487864 -0.083408 
0.494808 -0.851645 0.172818 0.011751 -0.192294 -0.981267 0.868923 0.487570 -0.085141 
0.494844 -0.851486 0.173497 0.010568 -0.193743 -0.980995 0.868917 0.487274 -0.086874 
0.494882 -0.851325 0.174175 0.009386 -0.195192 -0.980720 0.868909 0.486976 -0.088607 
0.494922 -0.851163 0.174853 0.008203 -0.196640 -0.980441 0.868899 0.486676 -0.090339 
0.494963 -0.851000 0.175530 0.007020 -0.198087 -0.980159 0.868886 0.486375 -0.092072 
0.495006 -0.850835 0.176207 0.005838 -0.199534 -0.979873 0.868870 0.486072 -0.093804 
0.495051 -0.850669 0.176883 0.004655 -0.200980 -0.979584 0.868852 0.485767 -0.095535 
0.495097 -0.850501 0.177559 0.003473 -0.202425 -0.979292 0.868831 0.485461 -0.097267 
0.495145 -0.850331 0.178234 0.002290 -0.203870 -0.978995 0.868807 0.485153 -0.098998 
0.495195 -0.850161 0.178909 0.001107 -0.205313 -0.978696 0.868781 0.484843 -0.100729 
0.495247 -0.849989 0.179584 -0.000075 -0.206756 -0.978392 0.868752 0.484532 -0.102459 
0.495300 -0.849815 0.180258 -0.001258 -0.208199 -0.978086 0.868721 0.484219 -0.104189 
0.495355 -0.849640 0.180931 -0.002440 -0.209640 -0.977776 0.868687 0.483904 -0.105919 
0.495411 -0.849463 0.181604 -0.003622 -0.211081 -0.977462 0.868651 0.483588 -0.107649 
0.495470 -0.849285 0.182276 -0.004805 -0.212521 -0.977145 0.868612 0.483270 -0.109378 
0.495530 -0.849106 0.182948 -0.005987 -0.213960 -0.976824 0.868570 0.482950 -0.111107 
0.495592 -0.848925 0.183619 -0.007169 -0.215398 -0.976500 0.868526 0.482629 -0.112836 
0.495655 -0.848742 0.184289 -0.008352 -0.216836 -0.976172 0.868479 0.482306 -0.114564 
0.495720 -0.848558 0.184960 -0.009534 -0.218273 -0.975841 0.868430 0.481981 -0.116292 
0.495787 -0.848373 0.185629 -0.010716 -0.219709 -0.975507 0.868378 0.481654 -0.118020 
0.495856 -0.848186 0.186298 -0.011898 -0.221144 -0.975169 0.868323 0.481326 -0.119747 
0.495926 -0.847998 0.186966 -0.013080 -0.222579 -0.974827 0.868266 0.480996 -0.121474 
0.495998 -0.847809 0.187634 -0.014262 -0.224012 -0.974482 0.868207 0.480665 -0.123201 
0.496071 -0.847618 0.188301 -0.015443 -0.225445 -0.974133 0.868144 0.480332 -0.124927 
0.496147 -0.847425 0.188968 -0.016625 -0.226877 -0.973781 0.868079 0.479997 -0.126653 
0.496224 -0.847231 0.189634 -0.017807 -0.228309 -0.973426 0.868012 0.479660 -0.128379 
0.496303 -0.847036 0.190299 -0.018988 -0.229739 -0.973067 0.867942 0.479322 -0.130104 
0.496383 -0.846839 0.190963 -0.020169 -0.231169 -0.972705 0.867869 0.478982 -0.131828 
0.496465 -0.846641 0.191627 -0.021351 -0.232597 -0.972339 0.867794 0.478641 -0.133553 
0.496549 -0.846442 0.192291 -0.022532 -0.234025 -0.971969 0.867716 0.478298 -0.135277 
0.496634 -0.846241 0.192953 -0.023713 -0.235453 -0.971597 0.867636 0.477953 -0.137000 
0.496722 -0.846038 0.193615 -0.024894 -0.236879 -0.971220 0.867553 0.477606 -0.138724 
0.496811 -0.845834 0.194277 -0.026074 -0.238304 -0.970840 0.867467 0.477258 -0.140447 
0.496901 -0.845629 0.194938 -0.027255 -0.239729 -0.970457 0.867379 0.476908 -0.142169 
0.496993 -0.845422 0.195598 -0.028435 -0.241152 -0.970071 0.867288 0.476557 -0.143891 
0.497087 -0.845214 0.196257 -0.029616 -0.242575 -0.969680 0.867195 0.476204 -0.145613 
0.497183 -0.845005 0.196915 -0.030796 -0.243997 -0.969287 0.867099 0.475849 -0.147334 
0.497280 -0.844794 0.197573 -0.031976 -0.245418 -0.968890 0.867001 0.475492 -0.149055 
0.497379 -0.844582 0.198231 -0.033156 -0.246838 -0.968489 0.866899 0.475134 -0.150775 
0.497480 -0.844368 0.198887 -0.034335 -0.248258 -0.968085 0.866796 0.474774 -0.152495 
0.497582 -0.844153 0.199543 -0.035515 -0.249676 -0.967678 0.866689 0.474413 -0.154214 
0.497686 -0.843937 0.200198 -0.036694 -0.251093 -0.967267 0.866581 0.474049 -0.155933 
0.497792 -0.843719 0.200852 -0.037873 -0.252510 -0.966853 0.866469 0.473685 -0.157652 
0.497899 -0.843500 0.201506 -0.039052 -0.253926 -0.966435 0.866355 0.473318 -0.159370 
0.498008 -0.843279 0.202158 -0.040231 -0.255340 -0.966014 0.866238 0.472950 -0.161088 
0.498119 -0.843057 0.202810 -0.041410 -0.256754 -0.965589 0.866119 0.472580 -0.162805 
0.498232 -0.842834 0.203462 -0.042588 -0.258167 -0.965161 0.865997 0.472209 -0.164522 
0.498346 -0.842609 0.204112 -0.043766 -0.259579 -0.964730 0.865873 0.471836 -0.166238 
0.498461 -0.842383 0.204762 -0.044944 -0.260990 -0.964295 0.865746 0.471461 -0.167954 
0.498579 -0.842155 0.205411 -0.046122 -0.262400 -0.963856 0.865616 0.471084 -0.169669 
0.498698 -0.841926 0.206059 -0.047299 -0.263809 -0.963414 0.865484 0.470706 -0.171384 
0.498819 -0.841696 0.206706 -0.048477 -0.265218 -0.962969 0.865350 0.470327 -0.173098 
    42 Case ./DataCollectionSim/ is  10% Complete at Time =      100.000
0.498941 -0.841465 0.207353 -0.049654 -0.266625 -0.962520 0.865212 0.469945 -0.174812 
0.499065 -0.841232 0.207998 -0.050831 -0.268031 -0.962068 0.865072 0.469562 -0.176526 
0.499191 -0.840997 0.208643 -0.052007 -0.269437 -0.961613 0.864930 0.469177 -0.178238 
0.499318 -0.840762 0.209287 -0.053184 -0.270841 -0.961154 0.864785 0.468791 -0.179951 
0.499447 -0.840525 0.209930 -0.054360 -0.272244 -0.960691 0.864637 0.468403 -0.181663 
0.499578 -0.840286 0.210572 -0.055536 -0.273647 -0.960226 0.864487 0.468013 -0.183374 
0.499711 -0.840046 0.211214 -0.056711 -0.275048 -0.959756 0.864334 0.467622 -0.185085 
0.499845 -0.839805 0.211854 -0.057887 -0.276449 -0.959284 0.864178 0.467229 -0.186795 
0.499980 -0.839563 0.212494 -0.059062 -0.277848 -0.958808 0.864020 0.466835 -0.188505 
0.500118 -0.839319 0.213133 -0.060237 -0.279246 -0.958328 0.863860 0.466438 -0.190214 
0.500257 -0.839074 0.213771 -0.061411 -0.280644 -0.957845 0.863697 0.466041 -0.191923 
0.500397 -0.838828 0.214408 -0.062586 -0.282040 -0.957359 0.863531 0.465641 -0.193631 
0.500540 -0.838580 0.215044 -0.063760 -0.283436 -0.956869 0.863362 0.465240 -0.195338 
0.500684 -0.838331 0.215679 -0.064933 -0.284830 -0.956376 0.863192 0.464837 -0.197045 
0.500829 -0.838080 0.216314 -0.066107 -0.286223 -0.955880 0.863018 0.464433 -0.198752 
0.500976 -0.837828 0.216947 -0.067280 -0.287616 -0.955380 0.862842 0.464027 -0.200458 
0.501125 -0.837575 0.217580 -0.068453 -0.289007 -0.954877 0.862663 0.463619 -0.202163 
0.501276 -0.837321 0.218211 -0.069625 -0.290397 -0.954370 0.862482 0.463209 -0.203868 
0.501428 -0.837065 0.218842 -0.070798 -0.291786 -0.953860 0.862298 0.462798 -0.205572 
0.501582 -0.836808 0.219471 -0.071969 -0.293175 -0.953346 0.862111 0.462386 -0.207276 
0.501737 -0.836550 0.220100 -0.073141 -0.294562 -0.952829 0.861922 0.461972 -0.208979 
0.501894 -0.836290 0.220728 -0.074312 -0.295948 -0.952309 0.861731 0.461556 -0.210681 
0.502053 -0.836029 0.221355 -0.075483 -0.297333 -0.951785 0.861537 0.461138 -0.212383 
0.502213 -0.835767 0.221981 -0.076654 -0.298717 -0.951258 0.861340 0.460719 -0.214084 
0.502375 -0.835503 0.222605 -0.077824 -0.300099 -0.950728 0.861140 0.460298 -0.215785 
0.502539 -0.835239 0.223229 -0.078994 -0.301481 -0.950194 0.860938 0.459876 -0.217485 
0.502704 -0.834972 0.223852 -0.080164 -0.302862 -0.949657 0.860734 0.459452 -0.219184 
0.502871 -0.834705 0.224474 -0.081333 -0.304241 -0.949117 0.860527 0.459026 -0.220883 
0.503039 -0.834436 0.225095 -0.082502 -0.305620 -0.948573 0.860317 0.458599 -0.222581 
0.503209 -0.834166 0.225715 -0.083670 -0.306997 -0.948025 0.860104 0.458170 -0.224279 
0.503381 -0.833895 0.226333 -0.084838 -0.308373 -0.947475 0.859890 0.457739 -0.225976 
0.503554 -0.833622 0.226951 -0.086006 -0.309749 -0.946921 0.859672 0.457307 -0.227672 
0.503729 -0.833349 0.227568 -0.087173 -0.311123 -0.946363 0.859452 0.456873 -0.229367 
0.503906 -0.833073 0.228184 -0.088340 -0.312496 -0.945803 0.859229 0.456437 -0.231062 
0.504084 -0.832797 0.228798 -0.089507 -0.313867 -0.945238 0.859004 0.456000 -0.232757 
0.504264 -0.832519 0.229412 -0.090673 -0.315238 -0.944671 0.858776 0.455562 -0.234450 
0.504445 -0.832240 0.230024 -0.091839 -0.316608 -0.944100 0.858546 0.455121 -0.236143 
0.504628 -0.831960 0.230636 -0.093004 -0.317976 -0.943526 0.858313 0.454679 -0.237836 
0.504812 -0.831679 0.231246 -0.094169 -0.319343 -0.942949 0.858077 0.454236 -0.239527 
0.504999 -0.831396 0.231855 -0.095334 -0.320709 -0.942368 0.857839 0.453791 -0.241218 
0.505186 -0.831112 0.232464 -0.096498 -0.322074 -0.941784 0.857598 0.453344 -0.242908 
0.505376 -0.830827 0.233071 -0.097662 -0.323438 -0.941196 0.857355 0.452895 -0.244598 
0.505567 -0.830541 0.233677 -0.098825 -0.324801 -0.940605 0.857109 0.452445 -0.246287 
0.505759 -0.830253 0.234282 -0.099988 -0.326162 -0.940011 0.856861 0.451994 -0.247975 
0.505953 -0.829964 0.234885 -0.101151 -0.327523 -0.939413 0.856610 0.451540 -0.249663 
0.506149 -0.829674 0.235488 -0.102313 -0.328882 -0.938812 0.856356 0.451085 -0.251349 
0.506346 -0.829383 0.236089 -0.103475 -0.330240 -0.938208 0.856100 0.450629 -0.253036 
0.506545 -0.829090 0.236690 -0.104636 -0.331596 -0.937601 0.855841 0.450171 -0.254721 
0.506745 -0.828796 0.237289 -0.105796 -0.332952 -0.936990 0.855579 0.449711 -0.256406 
0.506947 -0.828501 0.237887 -0.106957 -0.334306 -0.936376 0.855315 0.449250 -0.258089 
0.507151 -0.828205 0.238484 -0.108117 -0.335659 -0.935758 0.855049 0.448787 -0.259773 
0.507356 -0.827907 0.239080 -0.109276 -0.337011 -0.935137 0.854780 0.448322 -0.261455 
0.507563 -0.827609 0.239674 -0.110435 -0.338362 -0.934513 0.854508 0.447856 -0.263137 
0.507771 -0.827309 0.240268 -0.111593 -0.339712 -0.933886 0.854234 0.447388 -0.264818 
0.507981 -0.827008 0.240860 -0.112751 -0.341060 -0.933255 0.853957 0.446919 -0.266498 
0.508193 -0.826705 0.241451 -0.113909 -0.342407 -0.932621 0.853677 0.446448 -0.268178 
0.508406 -0.826402 0.242041 -0.115066 -0.343753 -0.931984 0.853395 0.445975 -0.269856 
0.508620 -0.826097 0.242629 -0.116222 -0.345098 -0.931343 0.853111 0.445501 -0.271534 
0.508836 -0.825791 0.243217 -0.117378 -0.346441 -0.930699 0.852824 0.445025 -0.273211 
0.509054 -0.825484 0.243803 -0.118533 -0.347783 -0.930052 0.852534 0.444548 -0.274888 
0.509273 -0.825176 0.244388 -0.119688 -0.349124 -0.929401 0.852241 0.444069 -0.276563 
0.509494 -0.824867 0.244972 -0.120843 -0.350464 -0.928748 0.851947 0.443588 -0.278238 
0.509716 -0.824556 0.245554 -0.121997 -0.351802 -0.928091 0.851649 0.443106 -0.279912 
0.509940 -0.824244 0.246136 -0.123150 -0.353139 -0.927430 0.851349 0.442622 -0.281586 
0.510165 -0.823931 0.246716 -0.124303 -0.354475 -0.926767 0.851046 0.442137 -0.283258 
0.510392 -0.823617 0.247294 -0.125456 -0.355809 -0.926100 0.850741 0.441650 -0.284930 
0.510621 -0.823302 0.247872 -0.126607 -0.357143 -0.925429 0.850433 0.441161 -0.286601 
0.510851 -0.822985 0.248448 -0.127759 -0.358475 -0.924756 0.850123 0.440671 -0.288271 
0.511082 -0.822668 0.249023 -0.128910 -0.359806 -0.924079 0.849810 0.440179 -0.289940 
0.511316 -0.822349 0.249597 -0.130060 -0.361135 -0.923399 0.849494 0.439686 -0.291608 
0.511550 -0.822029 0.250169 -0.131209 -0.362463 -0.922716 0.849176 0.439191 -0.293276 
0.511786 -0.821708 0.250740 -0.132359 -0.363790 -0.922029 0.848856 0.438694 -0.294943 
0.512024 -0.821386 0.251310 -0.133507 -0.365115 -0.921340 0.848532 0.438196 -0.296609 
0.512263 -0.821063 0.251878 -0.134655 -0.366440 -0.920646 0.848207 0.437696 -0.298274 
0.512504 -0.820738 0.252446 -0.135803 -0.367763 -0.919950 0.847878 0.437195 -0.299938 
0.512746 -0.820413 0.253012 -0.136950 -0.369084 -0.919251 0.847547 0.436692 -0.301602 
0.512990 -0.820086 0.253576 -0.138096 -0.370404 -0.918548 0.847214 0.436188 -0.303264 
0.513235 -0.819758 0.254139 -0.139242 -0.371723 -0.917842 0.846878 0.435682 -0.304926 
0.513482 -0.819429 0.254701 -0.140387 -0.373041 -0.917132 0.846539 0.435174 -0.306587 
0.513730 -0.819099 0.255262 -0.141531 -0.374357 -0.916420 0.846198 0.434665 -0.308247 
0.513980 -0.818768 0.255821 -0.142675 -0.375672 -0.915704 0.845854 0.434154 -0.309906 
0.514231 -0.818435 0.256379 -0.143818 -0.376986 -0.914985 0.845507 0.433642 -0.311564 
0.514484 -0.818102 0.256935 -0.144961 -0.378298 -0.914263 0.845159 0.433128 -0.313221 
0.514738 -0.817768 0.257490 -0.146103 -0.379609 -0.913538 0.844807 0.432612 -0.314878 
0.514993 -0.817432 0.258044 -0.147245 -0.380918 -0.912809 0.844453 0.432095 -0.316533 
0.515251 -0.817095 0.258596 -0.148386 -0.382227 -0.912077 0.844096 0.431576 -0.318188 
0.515509 -0.816758 0.259147 -0.149526 -0.383533 -0.911342 0.843737 0.431056 -0.319842 
0.515769 -0.816419 0.259697 -0.150666 -0.384839 -0.910604 0.843375 0.430534 -0.321494 
0.516031 -0.816079 0.260245 -0.151805 -0.386143 -0.909862 0.843011 0.430011 -0.323146 
0.516294 -0.815738 0.260792 -0.152943 -0.387445 -0.909117 0.842644 0.429486 -0.324797 
0.516559 -0.815396 0.261337 -0.154081 -0.388747 -0.908369 0.842274 0.428959 -0.326447 
0.516825 -0.815052 0.261881 -0.155218 -0.390047 -0.907618 0.841902 0.428431 -0.328096 
0.517092 -0.814708 0.262424 -0.156354 -0.391345 -0.906864 0.841528 0.427901 -0.329745 
0.517361 -0.814363 0.262965 -0.157490 -0.392642 -0.906106 0.841150 0.427370 -0.331392 
0.517632 -0.814017 0.263504 -0.158625 -0.393938 -0.905346 0.840771 0.426837 -0.333038 
0.517904 -0.813669 0.264042 -0.159760 -0.395232 -0.904582 0.840388 0.426303 -0.334684 
0.518177 -0.813321 0.264579 -0.160894 -0.396525 -0.903815 0.840004 0.425767 -0.336328 
0.518452 -0.812971 0.265114 -0.162027 -0.397816 -0.903045 0.839616 0.425229 -0.337972 
0.518728 -0.812621 0.265648 -0.163159 -0.399106 -0.902271 0.839226 0.424690 -0.339614 
0.519006 -0.812269 0.266181 -0.164291 -0.400395 -0.901495 0.838833 0.424150 -0.341256 
    42 Case ./DataCollectionSim/ is  20% Complete at Time =      200.000
0.519285 -0.811916 0.266712 -0.165422 -0.401682 -0.900715 0.838438 0.423607 -0.342896 
0.519565 -0.811563 0.267241 -0.166553 -0.402968 -0.899932 0.838041 0.423064 -0.344536 
0.519847 -0.811208 0.267769 -0.167682 -0.404252 -0.899146 0.837640 0.422518 -0.346175 
0.520131 -0.810852 0.268295 -0.168811 -0.405535 -0.898356 0.837238 0.421972 -0.347812 
0.520416 -0.810496 0.268820 -0.169940 -0.406816 -0.897564 0.836832 0.421423 -0.349449 
0.520702 -0.810138 0.269344 -0.171067 -0.408096 -0.896768 0.836424 0.420873 -0.351085 
0.520990 -0.809779 0.269866 -0.172194 -0.409375 -0.895970 0.836014 0.420322 -0.352719 
0.521279 -0.809419 0.270386 -0.173320 -0.410652 -0.895168 0.835601 0.419769 -0.354353 
0.521569 -0.809059 0.270905 -0.174446 -0.411927 -0.894363 0.835185 0.419214 -0.355986 
0.521861 -0.808697 0.271423 -0.175571 -0.413201 -0.893555 0.834767 0.418658 -0.357617 
0.522155 -0.808334 0.271939 -0.176695 -0.414474 -0.892743 0.834346 0.418100 -0.359248 
0.522449 -0.807970 0.272453 -0.177818 -0.415745 -0.891929 0.833923 0.417541 -0.360877 
0.522746 -0.807606 0.272966 -0.178941 -0.417015 -0.891111 0.833497 0.416980 -0.362506 
0.523043 -0.807240 0.273477 -0.180062 -0.418283 -0.890290 0.833069 0.416417 -0.364133 
0.523342 -0.806873 0.273987 -0.181183 -0.419549 -0.889467 0.832638 0.415854 -0.365760 
0.523643 -0.806505 0.274495 -0.182304 -0.420814 -0.888640 0.832204 0.415288 -0.367385 
0.523944 -0.806137 0.275002 -0.183423 -0.422078 -0.887810 0.831768 0.414721 -0.369010 
0.524247 -0.805767 0.275507 -0.184542 -0.423340 -0.886976 0.831330 0.414153 -0.370633 
0.524552 -0.805397 0.276010 -0.185660 -0.424601 -0.886140 0.830888 0.413583 -0.372255 
0.524858 -0.805025 0.276512 -0.186778 -0.425860 -0.885301 0.830445 0.413011 -0.373877 
0.525165 -0.804653 0.277012 -0.187894 -0.427117 -0.884458 0.829998 0.412438 -0.375497 
0.525474 -0.804279 0.277511 -0.189010 -0.428374 -0.883613 0.829550 0.411863 -0.377116 
0.525784 -0.803905 0.278008 -0.190125 -0.429628 -0.882764 0.829098 0.411287 -0.378734 
0.526095 -0.803529 0.278504 -0.191239 -0.430881 -0.881912 0.828644 0.410709 -0.380351 
0.526408 -0.803153 0.278997 -0.192352 -0.432132 -0.881057 0.828188 0.410130 -0.381967 
0.526722 -0.802776 0.279490 -0.193465 -0.433382 -0.880199 0.827729 0.409549 -0.383581 
0.527038 -0.802398 0.279980 -0.194577 -0.434631 -0.879338 0.827267 0.408967 -0.385195 
0.527354 -0.802019 0.280469 -0.195688 -0.435878 -0.878474 0.826803 0.408383 -0.386807 
0.527673 -0.801639 0.280957 -0.196798 -0.437123 -0.877607 0.826337 0.407797 -0.388419 
0.527992 -0.801258 0.281443 -0.197908 -0.438367 -0.876737 0.825867 0.407210 -0.390029 
0.528313 -0.800876 0.281927 -0.199016 -0.439609 -0.875863 0.825396 0.406622 -0.391638 
0.528635 -0.800493 0.282409 -0.200124 -0.440849 -0.874987 0.824921 0.406032 -0.393246 
0.528959 -0.800110 0.282890 -0.201231 -0.442088 -0.874108 0.824445 0.405441 -0.394853 
0.529284 -0.799725 0.283369 -0.202337 -0.443326 -0.873225 0.823965 0.404848 -0.396459 
0.529610 -0.799340 0.283847 -0.203442 -0.444562 -0.872339 0.823483 0.404253 -0.398064 
0.529937 -0.798954 0.284323 -0.204547 -0.445796 -0.871451 0.822999 0.403657 -0.399667 
0.530266 -0.798567 0.284797 -0.205650 -0.447029 -0.870559 0.822512 0.403059 -0.401270 
0.530596 -0.798178 0.285269 -0.206753 -0.448260 -0.869665 0.822022 0.402460 -0.402871 
0.530928 -0.797790 0.285740 -0.207855 -0.449489 -0.868767 0.821530 0.401860 -0.404471 
0.531261 -0.797400 0.286210 -0.208956 -0.450717 -0.867866 0.821036 0.401258 -0.406070 
0.531595 -0.797009 0.286677 -0.210056 -0.451943 -0.866962 0.820539 0.400654 -0.407668 
0.531930 -0.796618 0.287143 -0.211156 -0.453168 -0.866055 0.820039 0.400049 -0.409264 
0.532267 -0.796225 0.287607 -0.212254 -0.454391 -0.865146 0.819537 0.399442 -0.410860 
0.532605 -0.795832 0.288069 -0.213352 -0.455613 -0.864233 0.819032 0.398834 -0.412454 
0.532944 -0.795438 0.288530 -0.214449 -0.456832 -0.863317 0.818525 0.398224 -0.414047 
0.533284 -0.795043 0.288989 -0.215545 -0.458051 -0.862398 0.818015 0.397613 -0.415639 
0.533626 -0.794647 0.289446 -0.216640 -0.459267 -0.861476 0.817502 0.397001 -0.417229 
0.533969 -0.794251 0.289901 -0.217734 -0.460482 -0.860551 0.816988 0.396386 -0.418819 
0.534314 -0.793853 0.290355 -0.218827 -0.461696 -0.859623 0.816470 0.395771 -0.420407 
0.534659 -0.793455 0.290807 -0.219919 -0.462907 -0.858692 0.815950 0.395154 -0.421994 
0.535006 -0.793056 0.291258 -0.221011 -0.464117 -0.857758 0.815428 0.394535 -0.423580 
0.535354 -0.792656 0.291706 -0.222102 -0.465326 -0.856821 0.814903 0.393915 -0.425164 
0.535704 -0.792255 0.292153 -0.223191 -0.466532 -0.855882 0.814375 0.393293 -0.426748 
0.536055 -0.791853 0.292598 -0.224280 -0.467737 -0.854939 0.813845 0.392670 -0.428330 
0.536407 -0.791451 0.293041 -0.225368 -0.468941 -0.853993 0.813313 0.392045 -0.429911 
0.536760 -0.791048 0.293483 -0.226455 -0.470143 -0.853044 0.812777 0.391419 -0.431490 
0.537114 -0.790644 0.293922 -0.227541 -0.471343 -0.852092 0.812240 0.390792 -0.433069 
0.537470 -0.790239 0.294360 -0.228626 -0.472541 -0.851138 0.811700 0.390163 -0.434646 
0.537827 -0.789834 0.294796 -0.229710 -0.473738 -0.850180 0.811157 0.389532 -0.436222 
0.538185 -0.789427 0.295231 -0.230793 -0.474933 -0.849219 0.810612 0.388900 -0.437796 
0.538544 -0.789020 0.295663 -0.231875 -0.476126 -0.848256 0.810064 0.388266 -0.439369 
0.538905 -0.788613 0.296094 -0.232957 -0.477318 -0.847289 0.809514 0.387631 -0.440942 
0.539267 -0.788204 0.296523 -0.234037 -0.478508 -0.846320 0.808961 0.386995 -0.442512 
0.539630 -0.787795 0.296950 -0.235117 -0.479696 -0.845347 0.808406 0.386357 -0.444082 
0.539994 -0.787384 0.297376 -0.236195 -0.480883 -0.844372 0.807848 0.385717 -0.445650 
0.540360 -0.786973 0.297799 -0.237273 -0.482068 -0.843394 0.807288 0.385076 -0.447217 
0.540726 -0.786562 0.298221 -0.238349 -0.483251 -0.842412 0.806725 0.384434 -0.448783 
0.541094 -0.786149 0.298641 -0.239425 -0.484432 -0.841428 0.806159 0.383790 -0.450347 
0.541463 -0.785736 0.299059 -0.240499 -0.485612 -0.840441 0.805592 0.383144 -0.451910 
0.541833 -0.785322 0.299475 -0.241573 -0.486790 -0.839451 0.805021 0.382497 -0.453472 
0.542205 -0.784908 0.299890 -0.242646 -0.487966 -0.838458 0.804448 0.381849 -0.455032 
0.542577 -0.784492 0.300302 -0.243717 -0.489141 -0.837462 0.803873 0.381199 -0.456591 
0.542951 -0.784076 0.300713 -0.244788 -0.490314 -0.836464 0.803295 0.380548 -0.458149 
0.543326 -0.783660 0.301122 -0.245858 -0.491485 -0.835462 0.802715 0.379895 -0.459705 
0.543702 -0.783242 0.301529 -0.246927 -0.492654 -0.834457 0.802132 0.379241 -0.461260 
0.544080 -0.782824 0.301934 -0.247994 -0.493822 -0.833450 0.801546 0.378585 -0.462814 
0.544458 -0.782405 0.302337 -0.249061 -0.494987 -0.832440 0.800958 0.377928 -0.464367 
0.544838 -0.781985 0.302739 -0.250127 -0.496152 -0.831427 0.800368 0.377270 -0.465918 
0.545218 -0.781565 0.303138 -0.251192 -0.497314 -0.830411 0.799775 0.376609 -0.467467 
0.545600 -0.781144 0.303536 -0.252255 -0.498475 -0.829392 0.799179 0.375948 -0.469016 
0.545983 -0.780723 0.303931 -0.253318 -0.499633 -0.828370 0.798581 0.375285 -0.470563 
0.546368 -0.780300 0.304325 -0.254380 -0.500790 -0.827345 0.797981 0.374621 -0.472108 
0.546753 -0.779877 0.304717 -0.255440 -0.501946 -0.826318 0.797378 0.373955 -0.473652 
0.547140 -0.779454 0.305107 -0.256500 -0.503099 -0.825287 0.796772 0.373287 -0.475195 
0.547527 -0.779029 0.305496 -0.257558 -0.504251 -0.824254 0.796164 0.372618 -0.476737 
0.547916 -0.778604 0.305882 -0.258616 -0.505401 -0.823218 0.795554 0.371948 -0.478277 
0.548306 -0.778178 0.306266 -0.259672 -0.506549 -0.822179 0.794941 0.371277 -0.479815 
0.548697 -0.777752 0.306649 -0.260728 -0.507695 -0.821137 0.794325 0.370603 -0.481353 
0.549089 -0.777325 0.307029 -0.261782 -0.508840 -0.820093 0.793707 0.369929 -0.482888 
0.549482 -0.776898 0.307408 -0.262836 -0.509983 -0.819045 0.793087 0.369253 -0.484423 
0.549876 -0.776469 0.307785 -0.263888 -0.511124 -0.817995 0.792464 0.368575 -0.485956 
0.550272 -0.776040 0.308159 -0.264939 -0.512263 -0.816942 0.791839 0.367896 -0.487487 
0.550668 -0.775611 0.308532 -0.265989 -0.513400 -0.815886 0.791211 0.367216 -0.489018 
0.551066 -0.775181 0.308903 -0.267038 -0.514536 -0.814827 0.790580 0.366534 -0.490546 
0.551464 -0.774750 0.309272 -0.268086 -0.515670 -0.813766 0.789947 0.365851 -0.492074 
0.551864 -0.774319 0.309639 -0.269133 -0.516802 -0.812701 0.789312 0.365166 -0.493599 
0.552265 -0.773887 0.310004 -0.270179 -0.517932 -0.811634 0.788674 0.364480 -0.495124 
0.552667 -0.773454 0.310367 -0.271224 -0.519060 -0.810564 0.788034 0.363793 -0.496647 
0.553070 -0.773021 0.310728 -0.272268 -0.520186 -0.809491 0.787391 0.363104 -0.498168 
0.553474 -0.772587 0.311088 -0.273310 -0.521311 -0.808416 0.786745 0.362413 -0.499688 
    42 Case ./DataCollectionSim/ is  30% Complete at Time =      300.000
0.553879 -0.772153 0.311445 -0.274352 -0.522434 -0.807338 0.786097 0.361722 -0.501207 
0.554285 -0.771718 0.311800 -0.275392 -0.523555 -0.806256 0.785447 0.361028 -0.502724 
0.554692 -0.771283 0.312153 -0.276432 -0.524674 -0.805173 0.784794 0.360334 -0.504239 
0.555100 -0.770847 0.312505 -0.277470 -0.525791 -0.804086 0.784139 0.359638 -0.505754 
0.555510 -0.770410 0.312854 -0.278507 -0.526907 -0.802997 0.783481 0.358940 -0.507266 
0.555920 -0.769973 0.313201 -0.279543 -0.528020 -0.801904 0.782821 0.358241 -0.508777 
0.556331 -0.769535 0.313547 -0.280578 -0.529132 -0.800809 0.782158 0.357541 -0.510287 
0.556743 -0.769097 0.313890 -0.281612 -0.530242 -0.799712 0.781493 0.356839 -0.511795 
0.557157 -0.768658 0.314231 -0.282644 -0.531349 -0.798611 0.780826 0.356136 -0.513302 
0.557571 -0.768218 0.314571 -0.283676 -0.532456 -0.797508 0.780155 0.355431 -0.514807 
0.557987 -0.767779 0.314908 -0.284706 -0.533560 -0.796402 0.779483 0.354726 -0.516310 
0.558403 -0.767338 0.315243 -0.285735 -0.534662 -0.795294 0.778808 0.354018 -0.517812 
0.558820 -0.766897 0.315577 -0.286763 -0.535762 -0.794182 0.778130 0.353309 -0.519313 
0.559239 -0.766456 0.315908 -0.287790 -0.536861 -0.793068 0.777450 0.352599 -0.520812 
0.559658 -0.766013 0.316237 -0.288816 -0.537958 -0.791951 0.776768 0.351888 -0.522309 
0.560079 -0.765571 0.316565 -0.289841 -0.539052 -0.790832 0.776083 0.351175 -0.523805 
0.560500 -0.765128 0.316890 -0.290864 -0.540145 -0.789709 0.775395 0.350460 -0.525300 
0.560922 -0.764684 0.317213 -0.291887 -0.541236 -0.788584 0.774705 0.349744 -0.526793 
0.561346 -0.764240 0.317534 -0.292908 -0.542325 -0.787457 0.774013 0.349027 -0.528284 
0.561770 -0.763796 0.317853 -0.293928 -0.543413 -0.786326 0.773318 0.348309 -0.529774 
0.562195 -0.763351 0.318170 -0.294947 -0.544498 -0.785193 0.772621 0.347589 -0.531262 
0.562621 -0.762905 0.318485 -0.295964 -0.545581 -0.784058 0.771921 0.346867 -0.532748 
0.563048 -0.762459 0.318798 -0.296981 -0.546663 -0.782919 0.771219 0.346144 -0.534233 
0.563477 -0.762013 0.319109 -0.297996 -0.547742 -0.781778 0.770515 0.345420 -0.535717 
0.563906 -0.761566 0.319418 -0.299010 -0.548820 -0.780634 0.769807 0.344695 -0.537198 
0.564336 -0.761118 0.319725 -0.300023 -0.549895 -0.779488 0.769098 0.343968 -0.538679 
0.564766 -0.760671 0.320030 -0.301035 -0.550969 -0.778339 0.768386 0.343239 -0.540157 
0.565198 -0.760222 0.320333 -0.302045 -0.552041 -0.777187 0.767671 0.342510 -0.541634 
0.565631 -0.759773 0.320633 -0.303055 -0.553111 -0.776032 0.766955 0.341779 -0.543110 
0.566065 -0.759324 0.320932 -0.304063 -0.554179 -0.774875 0.766235 0.341046 -0.544583 
0.566499 -0.758875 0.321228 -0.305070 -0.555245 -0.773716 0.765513 0.340312 -0.546055 
0.566935 -0.758425 0.321523 -0.306075 -0.556309 -0.772553 0.764789 0.339577 -0.547526 
0.567371 -0.757974 0.321815 -0.307080 -0.557371 -0.771388 0.764063 0.338841 -0.548995 
0.567809 -0.757523 0.322105 -0.308083 -0.558431 -0.770220 0.763333 0.338103 -0.550462 
0.568247 -0.757072 0.322393 -0.309085 -0.559489 -0.769050 0.762602 0.337363 -0.551928 
0.568686 -0.756620 0.322680 -0.310086 -0.560545 -0.767877 0.761868 0.336623 -0.553392 
0.569126 -0.756168 0.322964 -0.311086 -0.561600 -0.766702 0.761132 0.335881 -0.554854 
0.569567 -0.755715 0.323245 -0.312084 -0.562652 -0.765524 0.760393 0.335137 -0.556315 
0.570009 -0.755262 0.323525 -0.313081 -0.563702 -0.764343 0.759651 0.334392 -0.557774 
0.570451 -0.754809 0.323803 -0.314077 -0.564751 -0.763159 0.758908 0.333646 -0.559231 
0.570895 -0.754355 0.324078 -0.315072 -0.565797 -0.761973 0.758161 0.332899 -0.560687 
0.571339 -0.753901 0.324352 -0.316065 -0.566841 -0.760785 0.757413 0.332150 -0.562141 
0.571785 -0.753447 0.324623 -0.317057 -0.567884 -0.759594 0.756662 0.331400 -0.563593 
0.572231 -0.752992 0.324892 -0.318048 -0.568924 -0.758400 0.755908 0.330648 -0.565044 
0.572678 -0.752537 0.325160 -0.319038 -0.569963 -0.757204 0.755152 0.329895 -0.566493 
0.573125 -0.752081 0.325425 -0.320026 -0.570999 -0.756005 0.754394 0.329141 -0.567940 
0.573574 -0.751625 0.325687 -0.321013 -0.572034 -0.754803 0.753633 0.328385 -0.569385 
0.574023 -0.751169 0.325948 -0.321999 -0.573066 -0.753599 0.752870 0.327629 -0.570829 
0.574474 -0.750712 0.326207 -0.322984 -0.574096 -0.752393 0.752105 0.326870 -0.572271 
0.574925 -0.750255 0.326463 -0.323967 -0.575125 -0.751184 0.751337 0.326111 -0.573712 
0.575377 -0.749798 0.326718 -0.324949 -0.576151 -0.749972 0.750566 0.325350 -0.575150 
0.575829 -0.749341 0.326970 -0.325930 -0.577176 -0.748758 0.749793 0.324587 -0.576587 
0.576283 -0.748883 0.327220 -0.326909 -0.578198 -0.747541 0.749018 0.323824 -0.578023 
0.576737 -0.748424 0.327468 -0.327888 -0.579218 -0.746321 0.748240 0.323059 -0.579456 
0.577192 -0.747966 0.327713 -0.328865 -0.580237 -0.745100 0.747460 0.322292 -0.580888 
0.577648 -0.747507 0.327957 -0.329840 -0.581253 -0.743875 0.746678 0.321525 -0.582318 
0.578105 -0.747048 0.328199 -0.330815 -0.582267 -0.742648 0.745893 0.320756 -0.583746 
0.578562 -0.746588 0.328438 -0.331788 -0.583280 -0.741419 0.745106 0.319985 -0.585172 
0.579021 -0.746129 0.328675 -0.332759 -0.584290 -0.740187 0.744316 0.319214 -0.586597 
0.579480 -0.745668 0.328910 -0.333730 -0.585298 -0.738952 0.743524 0.318441 -0.588020 
0.579940 -0.745208 0.329143 -0.334699 -0.586304 -0.737715 0.742729 0.317667 -0.589441 
0.580400 -0.744747 0.329373 -0.335666 -0.587308 -0.736476 0.741932 0.316891 -0.590861 
0.580861 -0.744287 0.329602 -0.336633 -0.588311 -0.735234 0.741133 0.316114 -0.592278 
0.581323 -0.743825 0.329828 -0.337598 -0.589311 -0.733990 0.740331 0.315336 -0.593694 
0.581786 -0.743364 0.330052 -0.338562 -0.590309 -0.732743 0.739527 0.314556 -0.595108 
0.582250 -0.742902 0.330274 -0.339524 -0.591304 -0.731493 0.738721 0.313776 -0.596520 
0.582714 -0.742440 0.330494 -0.340485 -0.592298 -0.730241 0.737912 0.312993 -0.597931 
0.583179 -0.741978 0.330712 -0.341445 -0.593290 -0.728987 0.737101 0.312210 -0.599339 
0.583645 -0.741516 0.330927 -0.342404 -0.594280 -0.727730 0.736287 0.311425 -0.600746 
0.584111 -0.741053 0.331141 -0.343361 -0.595267 -0.726471 0.735471 0.310639 -0.602151 
0.584578 -0.740590 0.331352 -0.344317 -0.596253 -0.725209 0.734652 0.309852 -0.603554 
0.585046 -0.740127 0.331560 -0.345271 -0.597237 -0.723945 0.733832 0.309063 -0.604956 
0.585515 -0.739664 0.331767 -0.346224 -0.598218 -0.722678 0.733008 0.308273 -0.606355 
0.585984 -0.739201 0.331972 -0.347176 -0.599197 -0.721409 0.732183 0.307482 -0.607753 
0.586454 -0.738737 0.332174 -0.348126 -0.600175 -0.720138 0.731355 0.306689 -0.609149 
0.586925 -0.738273 0.332374 -0.349075 -0.601150 -0.718864 0.730524 0.305896 -0.610542 
0.587396 -0.737809 0.332572 -0.350023 -0.602123 -0.717588 0.729692 0.305100 -0.611935 
0.587868 -0.737344 0.332768 -0.350969 -0.603094 -0.716309 0.728856 0.304304 -0.613325 
0.588341 -0.736880 0.332961 -0.351914 -0.604063 -0.715028 0.728019 0.303506 -0.614713 
0.588814 -0.736415 0.333152 -0.352858 -0.605030 -0.713744 0.727179 0.302707 -0.616100 
0.589288 -0.735950 0.333341 -0.353800 -0.605994 -0.712458 0.726337 0.301907 -0.617484 
0.589763 -0.735485 0.333528 -0.354740 -0.606957 -0.711170 0.725492 0.301106 -0.618867 
0.590238 -0.735020 0.333713 -0.355680 -0.607917 -0.709879 0.724645 0.300303 -0.620248 
0.590714 -0.734555 0.333895 -0.356618 -0.608876 -0.708586 0.723796 0.299499 -0.621627 
0.591191 -0.734089 0.334076 -0.357554 -0.609832 -0.707290 0.722944 0.298693 -0.623004 
0.591668 -0.733624 0.334254 -0.358490 -0.610786 -0.705992 0.722090 0.297887 -0.624379 
0.592146 -0.733158 0.334429 -0.359423 -0.611738 -0.704692 0.721234 0.297079 -0.625752 
0.592624 -0.732692 0.334603 -0.360356 -0.612688 -0.703389 0.720375 0.296270 -0.627124 
0.593103 -0.732226 0.334774 -0.361287 -0.613636 -0.702084 0.719514 0.295459 -0.628493 
0.593583 -0.731760 0.334943 -0.362216 -0.614582 -0.700777 0.718650 0.294648 -0.629861 
0.594063 -0.731293 0.335110 -0.363145 -0.615525 -0.699467 0.717784 0.293835 -0.631226 
0.594544 -0.730827 0.335275 -0.364071 -0.616467 -0.698155 0.716916 0.293020 -0.632590 
0.595026 -0.730360 0.335437 -0.364997 -0.617406 -0.696841 0.716046 0.292205 -0.633952 
0.595508 -0.729894 0.335597 -0.365921 -0.618343 -0.695524 0.715173 0.291388 -0.635311 
0.595991 -0.729427 0.335755 -0.366843 -0.619278 -0.694205 0.714298 0.290570 -0.636669 
0.596474 -0.728960 0.335911 -0.367764 -0.620211 -0.692884 0.713420 0.289751 -0.638025 
0.596958 -0.728493 0.336064 -0.368684 -0.621142 -0.691560 0.712540 0.288931 -0.639379 
0.597442 -0.728026 0.336216 -0.369602 -0.622070 -0.690234 0.711658 0.288109 -0.640731 
0.597927 -0.727559 0.336365 -0.370519 -0.622997 -0.688905 0.710773 0.287286 -0.642081 
0.598413 -0.727092 0.336511 -0.371434 -0.623921 -0.687575 0.709886 0.286462 -0.643429 
    42 Case ./DataCollectionSim/ is  40% Complete at Time =      400.000
0.598899 -0.726624 0.336656 -0.372348 -0.624843 -0.686242 0.708997 0.285636 -0.644775 
0.599386 -0.726157 0.336798 -0.373261 -0.625763 -0.684907 0.708106 0.284810 -0.646119 
0.599873 -0.725690 0.336938 -0.374172 -0.626681 -0.683569 0.707212 0.283982 -0.647461 
0.600360 -0.725222 0.337076 -0.375081 -0.627596 -0.682229 0.706315 0.283153 -0.648801 
0.600849 -0.724755 0.337211 -0.375989 -0.628510 -0.680887 0.705417 0.282322 -0.650139 
0.601337 -0.724287 0.337345 -0.376896 -0.629421 -0.679543 0.704516 0.281491 -0.651476 
0.601827 -0.723820 0.337475 -0.377801 -0.630330 -0.678196 0.703613 0.280658 -0.652810 
0.602317 -0.723352 0.337604 -0.378705 -0.631237 -0.676847 0.702707 0.279824 -0.654142 
0.602807 -0.722884 0.337731 -0.379607 -0.632142 -0.675496 0.701799 0.278989 -0.655472 
0.603298 -0.722417 0.337855 -0.380508 -0.633045 -0.674143 0.700889 0.278152 -0.656800 
0.603789 -0.721949 0.337977 -0.381407 -0.633945 -0.672787 0.699977 0.277315 -0.658126 
0.604281 -0.721481 0.338097 -0.382305 -0.634843 -0.671429 0.699062 0.276476 -0.659450 
0.604773 -0.721014 0.338214 -0.383202 -0.635739 -0.670069 0.698145 0.275636 -0.660772 
0.605266 -0.720546 0.338329 -0.384096 -0.636633 -0.668706 0.697225 0.274794 -0.662091 
0.605759 -0.720078 0.338442 -0.384990 -0.637525 -0.667342 0.696304 0.273952 -0.663409 
0.606253 -0.719611 0.338553 -0.385882 -0.638414 -0.665975 0.695380 0.273108 -0.664725 
0.606747 -0.719143 0.338661 -0.386772 -0.639301 -0.664606 0.694453 0.272263 -0.666039 
0.607242 -0.718675 0.338767 -0.387661 -0.640186 -0.663235 0.693525 0.271417 -0.667350 
0.607737 -0.718208 0.338871 -0.388549 -0.641069 -0.661861 0.692594 0.270570 -0.668660 
0.608232 -0.717740 0.338972 -0.389435 -0.641950 -0.660486 0.691660 0.269721 -0.669967 
0.608728 -0.717273 0.339072 -0.390319 -0.642828 -0.659108 0.690725 0.268872 -0.671273 
0.609225 -0.716805 0.339169 -0.391202 -0.643704 -0.657728 0.689787 0.268021 -0.672576 
0.609722 -0.716338 0.339263 -0.392083 -0.644578 -0.656346 0.688847 0.267169 -0.673877 
0.610219 -0.715870 0.339356 -0.392963 -0.645450 -0.654961 0.687905 0.266315 -0.675177 
0.610717 -0.715403 0.339446 -0.393842 -0.646320 -0.653575 0.686960 0.265461 -0.676474 
0.611215 -0.714936 0.339534 -0.394719 -0.647187 -0.652186 0.686013 0.264605 -0.677769 
0.611713 -0.714469 0.339620 -0.395594 -0.648052 -0.650795 0.685064 0.263748 -0.679061 
0.612212 -0.714001 0.339703 -0.396468 -0.648915 -0.649402 0.684112 0.262891 -0.680352 
0.612712 -0.713534 0.339784 -0.397340 -0.649776 -0.648007 0.683158 0.262031 -0.681641 
0.613211 -0.713067 0.339863 -0.398211 -0.650634 -0.646609 0.682202 0.261171 -0.682927 
0.613711 -0.712601 0.339939 -0.399080 -0.651490 -0.645210 0.681244 0.260310 -0.684212 
0.614212 -0.712134 0.340014 -0.399948 -0.652344 -0.643808 0.680283 0.259447 -0.685494 
0.614713 -0.711667 0.340086 -0.400814 -0.653196 -0.642404 0.679321 0.258583 -0.686774 
0.615214 -0.711201 0.340155 -0.401679 -0.654045 -0.640999 0.678355 0.257718 -0.688052 
0.615716 -0.710734 0.340223 -0.402542 -0.654892 -0.639591 0.677388 0.256852 -0.689328 
0.616217 -0.710268 0.340288 -0.403403 -0.655737 -0.638180 0.676418 0.255985 -0.690601 
0.616720 -0.709802 0.340350 -0.404263 -0.656580 -0.636768 0.675446 0.255116 -0.691873 
0.617222 -0.709336 0.340411 -0.405122 -0.657420 -0.635354 0.674472 0.254247 -0.693142 
0.617725 -0.708870 0.340469 -0.405979 -0.658259 -0.633937 0.673496 0.253376 -0.694409 
0.618229 -0.708404 0.340525 -0.406834 -0.659095 -0.632519 0.672517 0.252504 -0.695674 
0.618732 -0.707938 0.340579 -0.407688 -0.659928 -0.631098 0.671536 0.251631 -0.696937 
0.619236 -0.707473 0.340630 -0.408540 -0.660760 -0.629676 0.670553 0.250757 -0.698197 
0.619741 -0.707007 0.340679 -0.409391 -0.661589 -0.628251 0.669568 0.249882 -0.699456 
0.620245 -0.706542 0.340726 -0.410240 -0.662416 -0.626824 0.668580 0.249005 -0.700712 
0.620750 -0.706077 0.340771 -0.411087 -0.663240 -0.625395 0.667590 0.248128 -0.701966 
0.621255 -0.705612 0.340813 -0.411933 -0.664063 -0.623964 0.666598 0.247249 -0.703218 
0.621761 -0.705147 0.340853 -0.412778 -0.664883 -0.622531 0.665604 0.246369 -0.704467 
0.622267 -0.704683 0.340890 -0.413621 -0.665701 -0.621096 0.664607 0.245488 -0.705715 
0.622773 -0.704219 0.340926 -0.414462 -0.666516 -0.619659 0.663608 0.244606 -0.706960 
0.623279 -0.703755 0.340959 -0.415301 -0.667330 -0.618220 0.662607 0.243723 -0.708203 
0.623786 -0.703291 0.340989 -0.416140 -0.668141 -0.616779 0.661604 0.242839 -0.709443 
0.624292 -0.702827 0.341018 -0.416976 -0.668949 -0.615336 0.660598 0.241953 -0.710682 
0.624800 -0.702363 0.341044 -0.417811 -0.669756 -0.613890 0.659590 0.241067 -0.711918 
0.625307 -0.701900 0.341068 -0.418644 -0.670560 -0.612443 0.658580 0.240179 -0.713152 
0.625815 -0.701437 0.341090 -0.419476 -0.671362 -0.610994 0.657568 0.239290 -0.714384 
0.626323 -0.700974 0.341109 -0.420306 -0.672161 -0.609543 0.656554 0.238400 -0.715613 
0.626831 -0.700512 0.341126 -0.421134 -0.672958 -0.608090 0.655537 0.237509 -0.716840 
0.627339 -0.700049 0.341141 -0.421961 -0.673753 -0.606634 0.654518 0.236617 -0.718065 
0.627848 -0.699587 0.341153 -0.422787 -0.674546 -0.605177 0.653497 0.235724 -0.719288 
0.628356 -0.699125 0.341163 -0.423610 -0.675336 -0.603718 0.652474 0.234830 -0.720508 
0.628866 -0.698663 0.341171 -0.424432 -0.676124 -0.602257 0.651449 0.233935 -0.721727 
0.629375 -0.698202 0.341176 -0.425253 -0.676910 -0.600794 0.650421 0.233038 -0.722942 
0.629884 -0.697741 0.341180 -0.426071 -0.677693 -0.599329 0.649391 0.232141 -0.724156 
0.630394 -0.697280 0.341181 -0.426889 -0.678475 -0.597861 0.648359 0.231242 -0.725367 
0.630904 -0.696819 0.341179 -0.427704 -0.679253 -0.596392 0.647325 0.230342 -0.726576 
0.631414 -0.696359 0.341176 -0.428518 -0.680030 -0.594921 0.646289 0.229442 -0.727783 
0.631924 -0.695899 0.341170 -0.429331 -0.680804 -0.593449 0.645250 0.228540 -0.728987 
0.632434 -0.695439 0.341162 -0.430141 -0.681576 -0.591974 0.644209 0.227637 -0.730189 
0.632945 -0.694980 0.341151 -0.430950 -0.682345 -0.590497 0.643166 0.226733 -0.731389 
0.633455 -0.694521 0.341138 -0.431758 -0.683113 -0.589018 0.642121 0.225828 -0.732586 
0.633966 -0.694062 0.341123 -0.432563 -0.683877 -0.587538 0.641074 0.224922 -0.733781 
0.634477 -0.693603 0.341106 -0.433368 -0.684640 -0.586055 0.640024 0.224014 -0.734974 
0.634988 -0.693145 0.341086 -0.434170 -0.685400 -0.584571 0.638973 0.223106 -0.736164 
0.635500 -0.692687 0.341064 -0.434971 -0.686158 -0.583084 0.637919 0.222197 -0.737352 
0.636011 -0.692230 0.341040 -0.435770 -0.686914 -0.581596 0.636863 0.221287 -0.738538 
0.636523 -0.691772 0.341013 -0.436568 -0.687667 -0.580106 0.635805 0.220375 -0.739721 
0.637034 -0.691315 0.340984 -0.437364 -0.688418 -0.578614 0.634744 0.219463 -0.740902 
0.637546 -0.690859 0.340953 -0.438158 -0.689166 -0.577120 0.633682 0.218549 -0.742080 
0.638058 -0.690403 0.340920 -0.438950 -0.689913 -0.575624 0.632617 0.217635 -0.743257 
0.638570 -0.689947 0.340884 -0.439741 -0.690656 -0.574127 0.631550 0.216719 -0.744431 
0.639082 -0.689491 0.340846 -0.440531 -0.691398 -0.572627 0.630482 0.215803 -0.745602 
0.639594 -0.689036 0.340806 -0.441318 -0.692137 -0.571126 0.629410 0.214885 -0.746771 
0.640107 -0.688581 0.340763 -0.442104 -0.692874 -0.569622 0.628337 0.213966 -0.747938 
0.640619 -0.688127 0.340718 -0.442888 -0.693608 -0.568117 0.627262 0.213047 -0.749102 
0.641131 -0.687673 0.340671 -0.443671 -0.694341 -0.566610 0.626184 0.212126 -0.750264 
0.641644 -0.687219 0.340622 -0.444452 -0.695070 -0.565102 0.625105 0.211204 -0.751423 
0.642156 -0.686766 0.340570 -0.445231 -0.695798 -0.563591 0.624023 0.210281 -0.752580 
0.642669 -0.686313 0.340516 -0.446008 -0.696523 -0.562079 0.622939 0.209358 -0.753735 
0.643182 -0.685860 0.340460 -0.446784 -0.697245 -0.560564 0.621853 0.208433 -0.754887 
0.643694 -0.685408 0.340401 -0.447559 -0.697966 -0.559048 0.620765 0.207507 -0.756037 
0.644207 -0.684957 0.340340 -0.448331 -0.698684 -0.557531 0.619674 0.206580 -0.757184 
0.644720 -0.684505 0.340277 -0.449102 -0.699399 -0.556011 0.618582 0.205652 -0.758329 
0.645233 -0.684055 0.340212 -0.449871 -0.700113 -0.554489 0.617488 0.204723 -0.759472 
0.645746 -0.683604 0.340144 -0.450638 -0.700823 -0.552966 0.616391 0.203794 -0.760612 
0.646258 -0.683154 0.340074 -0.451404 -0.701532 -0.551441 0.615292 0.202863 -0.761750 
0.646771 -0.682705 0.340002 -0.452168 -0.702238 -0.549914 0.614191 0.201931 -0.762885 
0.647284 -0.682256 0.339927 -0.452930 -0.702942 -0.548386 0.613088 0.200998 -0.764017 
0.647797 -0.681807 0.339850 -0.453691 -0.703643 -0.546855 0.611983 0.200064 -0.765148 
0.648310 -0.681359 0.339771 -0.454450 -0.704342 -0.545323 0.610876 0.199130 -0.766275 
0.648823 -0.680911 0.339690 -0.455207 -0.705039 -0.543789 0.609767 0.198194 -0.767401 
    42 Case ./DataCollectionSim/ is  50% Complete at Time =      500.000
0.649336 -0.680464 0.339606 -0.455962 -0.705733 -0.542254 0.608655 0.197257 -0.768523 
0.649849 -0.680017 0.339520 -0.456716 -0.706425 -0.540716 0.607542 0.196319 -0.769644 
0.650361 -0.679570 0.339432 -0.457468 -0.707114 -0.539177 0.606426 0.195381 -0.770762 
0.650874 -0.679124 0.339342 -0.458219 -0.707801 -0.537637 0.605309 0.194441 -0.771877 
0.651387 -0.678679 0.339249 -0.458967 -0.708486 -0.536094 0.604189 0.193500 -0.772990 
0.651899 -0.678234 0.339154 -0.459714 -0.709168 -0.534550 0.603067 0.192559 -0.774100 
0.652412 -0.677790 0.339057 -0.460459 -0.709848 -0.533004 0.601943 0.191616 -0.775208 
0.652925 -0.677346 0.338957 -0.461203 -0.710526 -0.531456 0.600817 0.190673 -0.776313 
0.653437 -0.676902 0.338856 -0.461944 -0.711201 -0.529907 0.599689 0.189728 -0.777416 
0.653950 -0.676459 0.338752 -0.462684 -0.711873 -0.528355 0.598559 0.188783 -0.778516 
0.654462 -0.676017 0.338645 -0.463423 -0.712544 -0.526803 0.597427 0.187836 -0.779614 
0.654974 -0.675575 0.338537 -0.464159 -0.713212 -0.525248 0.596293 0.186889 -0.780710 
0.655486 -0.675134 0.338426 -0.464894 -0.713877 -0.523692 0.595157 0.185941 -0.781802 
0.655998 -0.674693 0.338313 -0.465627 -0.714540 -0.522134 0.594018 0.184992 -0.782892 
0.656510 -0.674253 0.338198 -0.466358 -0.715201 -0.520575 0.592878 0.184041 -0.783980 
0.657022 -0.673813 0.338080 -0.467088 -0.715859 -0.519013 0.591735 0.183090 -0.785065 
0.657534 -0.673374 0.337960 -0.467816 -0.716515 -0.517450 0.590591 0.182138 -0.786148 
0.658046 -0.672935 0.337838 -0.468542 -0.717168 -0.515886 0.589444 0.181185 -0.787228 
0.658557 -0.672497 0.337714 -0.469266 -0.717819 -0.514320 0.588296 0.180232 -0.788305 
0.659069 -0.672059 0.337587 -0.469988 -0.718468 -0.512752 0.587145 0.179277 -0.789380 
0.659580 -0.671622 0.337458 -0.470709 -0.719114 -0.511183 0.585993 0.178321 -0.790452 
0.660091 -0.671186 0.337327 -0.471428 -0.719758 -0.509611 0.584838 0.177364 -0.791522 
0.660602 -0.670750 0.337194 -0.472145 -0.720399 -0.508039 0.583681 0.176407 -0.792589 
0.661113 -0.670315 0.337058 -0.472861 -0.721038 -0.506464 0.582522 0.175448 -0.793653 
0.661623 -0.669880 0.336920 -0.473575 -0.721675 -0.504889 0.581362 0.174489 -0.794715 
0.662134 -0.669446 0.336780 -0.474287 -0.722309 -0.503311 0.580199 0.173529 -0.795774 
0.662644 -0.669012 0.336638 -0.474997 -0.722941 -0.501732 0.579034 0.172568 -0.796831 
0.663154 -0.668579 0.336494 -0.475705 -0.723570 -0.500151 0.577867 0.171606 -0.797885 
0.663664 -0.668147 0.336347 -0.476412 -0.724197 -0.498569 0.576698 0.170643 -0.798937 
0.664174 -0.667715 0.336198 -0.477117 -0.724821 -0.496985 0.575528 0.169679 -0.799986 
0.664684 -0.667284 0.336047 -0.477820 -0.725443 -0.495399 0.574355 0.168714 -0.801032 
0.665193 -0.666854 0.335893 -0.478521 -0.726062 -0.493812 0.573180 0.167749 -0.802076 
0.665702 -0.666424 0.335738 -0.479221 -0.726680 -0.492224 0.572003 0.166782 -0.803117 
0.666211 -0.665994 0.335580 -0.479919 -0.727294 -0.490633 0.570824 0.165815 -0.804155 
0.666720 -0.665566 0.335420 -0.480615 -0.727906 -0.489042 0.569643 0.164846 -0.805191 
0.667229 -0.665138 0.335257 -0.481309 -0.728516 -0.487448 0.568461 0.163877 -0.806224 
0.667737 -0.664711 0.335093 -0.482001 -0.729123 -0.485854 0.567276 0.162907 -0.807254 
0.668245 -0.664284 0.334926 -0.482692 -0.729728 -0.484257 0.566089 0.161937 -0.808282 
0.668753 -0.663858 0.334757 -0.483381 -0.730331 -0.482659 0.564900 0.160965 -0.809307 
0.669261 -0.663432 0.334586 -0.484068 -0.730931 -0.481060 0.563710 0.159992 -0.810329 
0.669768 -0.663008 0.334412 -0.484753 -0.731528 -0.479459 0.562517 0.159019 -0.811349 
0.670275 -0.662584 0.334237 -0.485436 -0.732123 -0.477856 0.561322 0.158045 -0.812366 
0.670782 -0.662160 0.334059 -0.486118 -0.732716 -0.476252 0.560126 0.157070 -0.813381 
0.671289 -0.661738 0.333879 -0.486798 -0.733306 -0.474647 0.558927 0.156094 -0.814393 
0.671795 -0.661316 0.333696 -0.487476 -0.733894 -0.473040 0.557727 0.155117 -0.815402 
0.672301 -0.660894 0.333512 -0.488152 -0.734479 -0.471431 0.556524 0.154139 -0.816408 
0.672807 -0.660474 0.333325 -0.488827 -0.735062 -0.469821 0.555320 0.153161 -0.817412 
0.673312 -0.660054 0.333137 -0.489499 -0.735642 -0.468210 0.554113 0.152181 -0.818413 
0.673817 -0.659635 0.332946 -0.490170 -0.736220 -0.466597 0.552905 0.151201 -0.819411 
0.674322 -0.659216 0.332752 -0.490839 -0.736796 -0.464983 0.551695 0.150220 -0.820407 
0.674827 -0.658798 0.332557 -0.491506 -0.737369 -0.463367 0.550482 0.149238 -0.821399 
0.675331 -0.658381 0.332359 -0.492172 -0.737939 -0.461750 0.549268 0.148256 -0.822390 
0.675835 -0.657965 0.332160 -0.492835 -0.738507 -0.460131 0.548052 0.147272 -0.823377 
0.676338 -0.657549 0.331958 -0.493497 -0.739073 -0.458511 0.546834 0.146288 -0.824362 
0.676841 -0.657134 0.331753 -0.494157 -0.739636 -0.456889 0.545614 0.145303 -0.825344 
0.677344 -0.656720 0.331547 -0.494815 -0.740197 -0.455266 0.544392 0.144317 -0.826323 
0.677847 -0.656307 0.331339 -0.495471 -0.740755 -0.453641 0.543169 0.143331 -0.827299 
0.678349 -0.655894 0.331128 -0.496125 -0.741311 -0.452015 0.541943 0.142343 -0.828273 
0.678851 -0.655482 0.330915 -0.496778 -0.741864 -0.450388 0.540715 0.141355 -0.829244 
0.679352 -0.655071 0.330700 -0.497429 -0.742415 -0.448759 0.539486 0.140366 -0.830212 
0.679854 -0.654660 0.330483 -0.498078 -0.742963 -0.447129 0.538254 0.139376 -0.831178 
0.680354 -0.654251 0.330264 -0.498725 -0.743509 -0.445498 0.537021 0.138386 -0.832141 
0.680855 -0.653842 0.330042 -0.499370 -0.744052 -0.443865 0.535786 0.137394 -0.833100 
0.681355 -0.653434 0.329819 -0.500013 -0.744593 -0.442230 0.534549 0.136402 -0.834058 
0.681854 -0.653026 0.329593 -0.500655 -0.745132 -0.440594 0.533310 0.135409 -0.835012 
0.682354 -0.652620 0.329365 -0.501295 -0.745668 -0.438957 0.532069 0.134415 -0.835964 
0.682852 -0.652214 0.329135 -0.501932 -0.746201 -0.437319 0.530826 0.133421 -0.836912 
0.683351 -0.651809 0.328903 -0.502568 -0.746732 -0.435679 0.529581 0.132426 -0.837859 
0.683849 -0.651405 0.328668 -0.503203 -0.747261 -0.434038 0.528335 0.131430 -0.838802 
0.684346 -0.651001 0.328432 -0.503835 -0.747787 -0.432395 0.527087 0.130433 -0.839742 
0.684844 -0.650599 0.328193 -0.504465 -0.748310 -0.430751 0.525836 0.129435 -0.840680 
0.685340 -0.650197 0.327952 -0.505094 -0.748831 -0.429106 0.524584 0.128437 -0.841615 
0.685837 -0.649796 0.327709 -0.505721 -0.749350 -0.427460 0.523330 0.127438 -0.842547 
0.686333 -0.649396 0.327464 -0.506346 -0.749866 -0.425812 0.522074 0.126438 -0.843476 
0.686828 -0.648996 0.327217 -0.506969 -0.750379 -0.424162 0.520817 0.125438 -0.844402 
0.687323 -0.648598 0.326968 -0.507590 -0.750890 -0.422512 0.519557 0.124437 -0.845326 
0.687817 -0.648200 0.326716 -0.508209 -0.751399 -0.420860 0.518296 0.123435 -0.846247 
0.688311 -0.647804 0.326463 -0.508827 -0.751905 -0.419207 0.517033 0.122432 -0.847165 
0.688805 -0.647408 0.326207 -0.509442 -0.752409 -0.417552 0.515768 0.121428 -0.848080 
0.689298 -0.647012 0.325949 -0.510056 -0.752910 -0.415897 0.514501 0.120424 -0.848992 
0.689791 -0.646618 0.325689 -0.510668 -0.753408 -0.414240 0.513232 0.119419 -0.849901 
0.690283 -0.646225 0.325427 -0.511278 -0.753904 -0.412581 0.511961 0.118414 -0.850808 
0.690775 -0.645832 0.325163 -0.511886 -0.754398 -0.410922 0.510689 0.117408 -0.851711 
0.691266 -0.645441 0.324897 -0.512492 -0.754889 -0.409261 0.509415 0.116401 -0.852612 
0.691756 -0.645050 0.324629 -0.513097 -0.755378 -0.407599 0.508139 0.115393 -0.853510 
0.692247 -0.644660 0.324359 -0.513699 -0.755864 -0.405935 0.506861 0.114385 -0.854405 
0.692736 -0.644271 0.324086 -0.514300 -0.756347 -0.404271 0.505581 0.113375 -0.855297 
0.693225 -0.643883 0.323812 -0.514898 -0.756828 -0.402605 0.504300 0.112366 -0.856187 
0.693714 -0.643495 0.323535 -0.515495 -0.757307 -0.400937 0.503017 0.111355 -0.857073 
0.694202 -0.643109 0.323256 -0.516090 -0.757783 -0.399269 0.501732 0.110344 -0.857957 
0.694689 -0.642723 0.322975 -0.516683 -0.758257 -0.397599 0.500445 0.109332 -0.858837 
0.695176 -0.642339 0.322693 -0.517274 -0.758728 -0.395929 0.499156 0.108320 -0.859715 
0.695663 -0.641955 0.322408 -0.517864 -0.759196 -0.394257 0.497866 0.107306 -0.860590 
0.696149 -0.641572 0.322121 -0.518451 -0.759662 -0.392583 0.496574 0.106293 -0.861462 
0.696634 -0.641191 0.321832 -0.519037 -0.760126 -0.390909 0.495280 0.105278 -0.862331 
0.697119 -0.640810 0.321541 -0.519620 -0.760587 -0.389233 0.493984 0.104263 -0.863197 
0.697603 -0.640430 0.321247 -0.520202 -0.761045 -0.387556 0.492686 0.103247 -0.864060 
0.698087 -0.640051 0.320952 -0.520782 -0.761501 -0.385878 0.491387 0.102230 -0.864921 
0.698570 -0.639672 0.320655 -0.521360 -0.761955 -0.384199 0.490086 0.101213 -0.865778 
0.699052 -0.639295 0.320356 -0.521936 -0.762406 -0.382519 0.488783 0.100195 -0.866632 
    42 Case ./DataCollectionSim/ is  60% Complete at Time =      600.000
0.699534 -0.638919 0.320054 -0.522510 -0.762854 -0.380837 0.487479 0.099177 -0.867484 
0.700015 -0.638544 0.319751 -0.523082 -0.763300 -0.379154 0.486172 0.098158 -0.868333 
0.700496 -0.638169 0.319445 -0.523653 -0.763743 -0.377470 0.484864 0.097138 -0.869178 
0.700976 -0.637796 0.319138 -0.524221 -0.764184 -0.375785 0.483555 0.096118 -0.870021 
0.701455 -0.637423 0.318829 -0.524788 -0.764623 -0.374099 0.482243 0.095097 -0.870861 
0.701934 -0.637052 0.318517 -0.525352 -0.765059 -0.372412 0.480930 0.094075 -0.871697 
0.702412 -0.636681 0.318204 -0.525915 -0.765492 -0.370723 0.479615 0.093053 -0.872531 
0.702890 -0.636312 0.317888 -0.526476 -0.765923 -0.369034 0.478298 0.092030 -0.873362 
0.703367 -0.635943 0.317570 -0.527034 -0.766351 -0.367343 0.476980 0.091006 -0.874190 
0.703843 -0.635576 0.317251 -0.527591 -0.766777 -0.365651 0.475659 0.089982 -0.875015 
0.704319 -0.635209 0.316929 -0.528146 -0.767200 -0.363958 0.474338 0.088957 -0.875837 
0.704794 -0.634844 0.316606 -0.528700 -0.767621 -0.362264 0.473014 0.087932 -0.876656 
0.705268 -0.634479 0.316280 -0.529251 -0.768039 -0.360569 0.471689 0.086906 -0.877472 
0.705742 -0.634115 0.315953 -0.529800 -0.768455 -0.358872 0.470362 0.085880 -0.878285 
0.706215 -0.633753 0.315623 -0.530348 -0.768868 -0.357175 0.469033 0.084852 -0.879095 
0.706687 -0.633391 0.315292 -0.530893 -0.769278 -0.355477 0.467703 0.083825 -0.879902 
0.707159 -0.633031 0.314958 -0.531436 -0.769686 -0.353777 0.466371 0.082796 -0.880706 
0.707630 -0.632671 0.314623 -0.531978 -0.770092 -0.352076 0.465037 0.081768 -0.881507 
0.708100 -0.632312 0.314285 -0.532518 -0.770495 -0.350375 0.463701 0.080738 -0.882305 
0.708570 -0.631955 0.313946 -0.533056 -0.770895 -0.348672 0.462364 0.079708 -0.883100 
0.709039 -0.631598 0.313604 -0.533591 -0.771293 -0.346968 0.461025 0.078677 -0.883892 
0.709507 -0.631243 0.313261 -0.534125 -0.771689 -0.345263 0.459685 0.077646 -0.884681 
0.709974 -0.630888 0.312916 -0.534657 -0.772082 -0.343558 0.458343 0.076614 -0.885467 
0.710441 -0.630535 0.312568 -0.535187 -0.772472 -0.341851 0.456999 0.075582 -0.886250 
0.710907 -0.630183 0.312219 -0.535715 -0.772860 -0.340143 0.455654 0.074549 -0.887030 
0.711372 -0.629831 0.311868 -0.536241 -0.773245 -0.338434 0.454306 0.073516 -0.887807 
0.711837 -0.629481 0.311515 -0.536766 -0.773628 -0.336724 0.452958 0.072482 -0.888581 
0.712301 -0.629132 0.311160 -0.537288 -0.774008 -0.335013 0.451607 0.071447 -0.889352 
0.712764 -0.628784 0.310803 -0.537808 -0.774386 -0.333301 0.450255 0.070412 -0.890119 
0.713226 -0.628437 0.310444 -0.538327 -0.774761 -0.331588 0.448902 0.069377 -0.890884 
0.713688 -0.628091 0.310083 -0.538843 -0.775133 -0.329874 0.447546 0.068341 -0.891646 
0.714149 -0.627746 0.309720 -0.539358 -0.775503 -0.328159 0.446189 0.067304 -0.892404 
0.714609 -0.627402 0.309356 -0.539870 -0.775871 -0.326443 0.444831 0.066267 -0.893160 
0.715068 -0.627059 0.308989 -0.540381 -0.776236 -0.324726 0.443471 0.065229 -0.893912 
0.715527 -0.626718 0.308621 -0.540889 -0.776598 -0.323008 0.442109 0.064191 -0.894662 
0.715984 -0.626377 0.308250 -0.541396 -0.776958 -0.321289 0.440745 0.063152 -0.895408 
0.716441 -0.626037 0.307878 -0.541901 -0.777315 -0.319569 0.439380 0.062113 -0.896151 
0.716898 -0.625699 0.307504 -0.542404 -0.777670 -0.317848 0.438014 0.061073 -0.896891 
0.717353 -0.625362 0.307128 -0.542905 -0.778022 -0.316126 0.436646 0.060033 -0.897628 
0.717808 -0.625026 0.306750 -0.543404 -0.778372 -0.314404 0.435276 0.058992 -0.898362 
0.718261 -0.624691 0.306370 -0.543901 -0.778719 -0.312680 0.433904 0.057951 -0.899093 
0.718714 -0.624357 0.305988 -0.544396 -0.779064 -0.310955 0.432531 0.056910 -0.899821 
0.719166 -0.624024 0.305605 -0.544889 -0.779406 -0.309230 0.431157 0.055867 -0.900546 
0.719618 -0.623692 0.305219 -0.545380 -0.779745 -0.307504 0.429781 0.054825 -0.901267 
0.720068 -0.623361 0.304832 -0.545869 -0.780082 -0.305776 0.428403 0.053782 -0.901986 
0.720518 -0.623032 0.304443 -0.546356 -0.780417 -0.304048 0.427024 0.052738 -0.902701 
0.720967 -0.622703 0.304052 -0.546841 -0.780748 -0.302319 0.425643 0.051694 -0.903413 
0.721415 -0.622376 0.303659 -0.547324 -0.781078 -0.300589 0.424260 0.050649 -0.904123 
0.721862 -0.622050 0.303264 -0.547806 -0.781404 -0.298858 0.422877 0.049604 -0.904829 
0.722308 -0.621725 0.302868 -0.548285 -0.781729 -0.297126 0.421491 0.048559 -0.905532 
0.722753 -0.621401 0.302469 -0.548762 -0.782050 -0.295393 0.420104 0.047513 -0.906231 
0.723198 -0.621079 0.302069 -0.549238 -0.782369 -0.293660 0.418715 0.046467 -0.906928 
0.723642 -0.620757 0.301667 -0.549711 -0.782686 -0.291925 0.417325 0.045420 -0.907621 
0.724085 -0.620437 0.301263 -0.550182 -0.783000 -0.290190 0.415934 0.044372 -0.908312 
0.724527 -0.620118 0.300857 -0.550652 -0.783311 -0.288454 0.414540 0.043325 -0.908999 
0.724968 -0.619800 0.300450 -0.551119 -0.783620 -0.286717 0.413146 0.042277 -0.909683 
0.725408 -0.619483 0.300041 -0.551585 -0.783927 -0.284979 0.411749 0.041228 -0.910364 
0.725847 -0.619167 0.299629 -0.552049 -0.784230 -0.283240 0.410352 0.040179 -0.911042 
0.726285 -0.618853 0.299217 -0.552510 -0.784532 -0.281501 0.408952 0.039130 -0.911716 
0.726723 -0.618540 0.298802 -0.552970 -0.784830 -0.279760 0.407552 0.038080 -0.912388 
0.727159 -0.618228 0.298385 -0.553427 -0.785126 -0.278019 0.406149 0.037030 -0.913056 
0.727595 -0.617917 0.297967 -0.553883 -0.785420 -0.276277 0.404746 0.035979 -0.913721 
0.728030 -0.617607 0.297547 -0.554337 -0.785711 -0.274535 0.403340 0.034928 -0.914383 
0.728464 -0.617298 0.297125 -0.554788 -0.785999 -0.272791 0.401934 0.033877 -0.915042 
0.728896 -0.616991 0.296702 -0.555238 -0.786285 -0.271047 0.400526 0.032825 -0.915697 
0.729328 -0.616685 0.296276 -0.555686 -0.786569 -0.269301 0.399116 0.031773 -0.916350 
0.729759 -0.616380 0.295849 -0.556131 -0.786849 -0.267555 0.397705 0.030720 -0.916999 
0.730190 -0.616076 0.295421 -0.556575 -0.787128 -0.265809 0.396292 0.029667 -0.917645 
0.730619 -0.615774 0.294990 -0.557017 -0.787403 -0.264061 0.394878 0.028614 -0.918288 
0.731047 -0.615472 0.294558 -0.557457 -0.787676 -0.262313 0.393462 0.027560 -0.918928 
0.731474 -0.615172 0.294124 -0.557894 -0.787947 -0.260564 0.392045 0.026506 -0.919564 
0.731900 -0.614874 0.293688 -0.558330 -0.788215 -0.258814 0.390627 0.025451 -0.920197 
0.732326 -0.614576 0.293250 -0.558764 -0.788480 -0.257063 0.389207 0.024396 -0.920827 
0.732750 -0.614280 0.292811 -0.559196 -0.788743 -0.255312 0.387786 0.023341 -0.921454 
0.733173 -0.613984 0.292370 -0.559626 -0.789003 -0.253560 0.386363 0.022286 -0.922078 
0.733595 -0.613691 0.291927 -0.560053 -0.789261 -0.251807 0.384939 0.021230 -0.922698 
0.734017 -0.613398 0.291483 -0.560479 -0.789516 -0.250054 0.383513 0.020173 -0.923315 
0.734437 -0.613106 0.291037 -0.560903 -0.789769 -0.248300 0.382086 0.019117 -0.923929 
0.734857 -0.612816 0.290589 -0.561325 -0.790019 -0.246545 0.380658 0.018060 -0.924540 
0.735275 -0.612527 0.290140 -0.561745 -0.790267 -0.244789 0.379228 0.017003 -0.925147 
0.735692 -0.612240 0.289689 -0.562163 -0.790511 -0.243033 0.377796 0.015945 -0.925751 
0.736109 -0.611953 0.289236 -0.562578 -0.790754 -0.241276 0.376364 0.014887 -0.926352 
0.736524 -0.611668 0.288781 -0.562992 -0.790994 -0.239518 0.374930 0.013829 -0.926950 
0.736938 -0.611384 0.288325 -0.563404 -0.791231 -0.237759 0.373494 0.012770 -0.927545 
0.737351 -0.611102 0.287867 -0.563814 -0.791465 -0.236000 0.372057 0.011712 -0.928136 
0.737764 -0.610820 0.287408 -0.564222 -0.791698 -0.234241 0.370619 0.010652 -0.928724 
0.738175 -0.610540 0.286947 -0.564628 -0.791927 -0.232480 0.369179 0.009593 -0.929309 
0.738585 -0.610261 0.286484 -0.565031 -0.792154 -0.230719 0.367738 0.008533 -0.929890 
0.738994 -0.609984 0.286020 -0.565433 -0.792379 -0.228957 0.366296 0.007473 -0.930468 
0.739402 -0.609708 0.285554 -0.565833 -0.792600 -0.227195 0.364852 0.006413 -0.931043 
0.739809 -0.609433 0.285086 -0.566231 -0.792820 -0.225432 0.363407 0.005352 -0.931615 
0.740215 -0.609159 0.284617 -0.566627 -0.793036 -0.223668 0.361961 0.004291 -0.932183 
0.740620 -0.608887 0.284146 -0.567021 -0.793251 -0.221904 0.360513 0.003230 -0.932749 
0.741024 -0.608616 0.283673 -0.567412 -0.793462 -0.220139 0.359064 0.002168 -0.933311 
0.741427 -0.608346 0.283199 -0.567802 -0.793671 -0.218373 0.357613 0.001107 -0.933869 
0.741828 -0.608078 0.282723 -0.568190 -0.793878 -0.216607 0.356161 0.000045 -0.934424 
0.742229 -0.607810 0.282246 -0.568576 -0.794082 -0.214840 0.354708 -0.001018 -0.934976 
0.742628 -0.607545 0.281767 -0.568959 -0.794283 -0.213073 0.353254 -0.002080 -0.935525 
0.743027 -0.607280 0.281286 -0.569341 -0.794482 -0.211305 0.351798 -0.003143 -0.936071 
0.743424 -0.607017 0.280804 -0.569721 -0.794678 -0.209536 0.350341 -0.004206 -0.936613 
    42 Case ./DataCollectionSim/ is  70% Complete at Time =      700.000
0.743820 -0.606755 0.280321 -0.570099 -0.794871 -0.207767 0.348882 -0.005269 -0.937152 
0.744215 -0.606494 0.279835 -0.570474 -0.795063 -0.205997 0.347423 -0.006333 -0.937687 
0.744609 -0.606235 0.279349 -0.570848 -0.795251 -0.204227 0.345962 -0.007397 -0.938220 
0.745002 -0.605977 0.278860 -0.571220 -0.795437 -0.202456 0.344499 -0.008461 -0.938748 
0.745394 -0.605721 0.278370 -0.571589 -0.795620 -0.200684 0.343036 -0.009525 -0.939274 
0.745785 -0.605465 0.277879 -0.571957 -0.795801 -0.198912 0.341571 -0.010589 -0.939796 
0.746174 -0.605212 0.277386 -0.572322 -0.795979 -0.197139 0.340105 -0.011654 -0.940315 
0.746563 -0.604959 0.276891 -0.572686 -0.796155 -0.195366 0.338637 -0.012719 -0.940831 
0.746950 -0.604708 0.276395 -0.573047 -0.796328 -0.193593 0.337168 -0.013784 -0.941343 
0.747336 -0.604458 0.275898 -0.573407 -0.796499 -0.191818 0.335698 -0.014849 -0.941853 
0.747721 -0.604209 0.275399 -0.573765 -0.796667 -0.190043 0.334227 -0.015915 -0.942358 
0.748105 -0.603962 0.274898 -0.574120 -0.796832 -0.188268 0.332754 -0.016980 -0.942861 
0.748487 -0.603716 0.274396 -0.574473 -0.796995 -0.186492 0.331281 -0.018046 -0.943360 
0.748869 -0.603472 0.273892 -0.574825 -0.797155 -0.184716 0.329806 -0.019112 -0.943855 
0.749249 -0.603229 0.273387 -0.575174 -0.797313 -0.182939 0.328329 -0.020178 -0.944348 
0.749628 -0.602987 0.272881 -0.575522 -0.797468 -0.181162 0.326852 -0.021245 -0.944837 
0.750006 -0.602747 0.272373 -0.575867 -0.797621 -0.179384 0.325373 -0.022311 -0.945322 
0.750383 -0.602508 0.271863 -0.576210 -0.797771 -0.177606 0.323893 -0.023378 -0.945805 
0.750759 -0.602270 0.271352 -0.576552 -0.797918 -0.175827 0.322412 -0.024445 -0.946284 
0.751133 -0.602034 0.270840 -0.576891 -0.798063 -0.174048 0.320930 -0.025512 -0.946759 
0.751506 -0.601799 0.270326 -0.577228 -0.798205 -0.172268 0.319446 -0.026579 -0.947232 
0.751878 -0.601566 0.269810 -0.577563 -0.798345 -0.170488 0.317961 -0.027647 -0.947701 
0.752249 -0.601333 0.269294 -0.577897 -0.798482 -0.168707 0.316475 -0.028714 -0.948166 
0.752619 -0.601103 0.268775 -0.578228 -0.798617 -0.166926 0.314988 -0.029782 -0.948628 
0.752987 -0.600873 0.268256 -0.578557 -0.798749 -0.165144 0.313500 -0.030850 -0.949087 
0.753355 -0.600646 0.267735 -0.578884 -0.798878 -0.163362 0.312010 -0.031918 -0.949543 
0.753721 -0.600419 0.267212 -0.579209 -0.799005 -0.161580 0.310519 -0.032986 -0.949995 
0.754085 -0.600194 0.266688 -0.579532 -0.799129 -0.159797 0.309027 -0.034054 -0.950443 
0.754449 -0.599970 0.266163 -0.579853 -0.799251 -0.158013 0.307534 -0.035122 -0.950889 
0.754811 -0.599748 0.265636 -0.580172 -0.799370 -0.156230 0.306040 -0.036191 -0.951331 
0.755172 -0.599527 0.265108 -0.580489 -0.799487 -0.154445 0.304544 -0.037259 -0.951769 
0.755532 -0.599307 0.264578 -0.580804 -0.799601 -0.152661 0.303048 -0.038328 -0.952204 
0.755891 -0.599089 0.264048 -0.581117 -0.799713 -0.150876 0.301550 -0.039397 -0.952636 
0.756248 -0.598872 0.263515 -0.581427 -0.799821 -0.149090 0.300051 -0.040466 -0.953064 
0.756604 -0.598657 0.262982 -0.581736 -0.799928 -0.147305 0.298551 -0.041535 -0.953489 
0.756959 -0.598443 0.262447 -0.582043 -0.800032 -0.145518 0.297050 -0.042604 -0.953911 
0.757313 -0.598231 0.261910 -0.582347 -0.800133 -0.143732 0.295548 -0.043673 -0.954329 
0.757665 -0.598020 0.261372 -0.582650 -0.800232 -0.141945 0.294044 -0.044742 -0.954744 
0.758016 -0.597810 0.260833 -0.582951 -0.800328 -0.140158 0.292540 -0.045811 -0.955155 
0.758366 -0.597602 0.260293 -0.583249 -0.800421 -0.138370 0.291034 -0.046881 -0.955563 
0.758715 -0.597395 0.259751 -0.583546 -0.800512 -0.136582 0.289528 -0.047950 -0.955968 
0.759062 -0.597190 0.259208 -0.583840 -0.800601 -0.134794 0.288020 -0.049019 -0.956369 
0.759408 -0.596986 0.258664 -0.584133 -0.800686 -0.133005 0.286511 -0.050089 -0.956767 
0.759753 -0.596784 0.258118 -0.584423 -0.800770 -0.131216 0.285001 -0.051159 -0.957161 
0.760096 -0.596583 0.257571 -0.584711 -0.800850 -0.129426 0.283490 -0.052228 -0.957552 
0.760438 -0.596383 0.257023 -0.584998 -0.800929 -0.127637 0.281977 -0.053298 -0.957939 
0.760779 -0.596185 0.256473 -0.585282 -0.801004 -0.125847 0.280464 -0.054368 -0.958324 
0.761119 -0.595988 0.255923 -0.585564 -0.801077 -0.124056 0.278950 -0.055437 -0.958704 
0.761457 -0.595793 0.255370 -0.585844 -0.801148 -0.122266 0.277434 -0.056507 -0.959081 
0.761794 -0.595599 0.254817 -0.586122 -0.801216 -0.120475 0.275918 -0.057577 -0.959455 
0.762129 -0.595407 0.254262 -0.586398 -0.801281 -0.118683 0.274400 -0.058647 -0.959825 
0.762464 -0.595216 0.253706 -0.586672 -0.801344 -0.116892 0.272882 -0.059717 -0.960192 
0.762797 -0.595027 0.253149 -0.586944 -0.801404 -0.115100 0.271362 -0.060787 -0.960556 
0.763128 -0.594839 0.252591 -0.587214 -0.801462 -0.113308 0.269842 -0.061857 -0.960916 
0.763459 -0.594652 0.252031 -0.587482 -0.801517 -0.111515 0.268320 -0.062926 -0.961272 
0.763788 -0.594467 0.251470 -0.587748 -0.801569 -0.109723 0.266797 -0.063996 -0.961626 
0.764115 -0.594284 0.250908 -0.588012 -0.801619 -0.107930 0.265273 -0.065066 -0.961975 
0.764442 -0.594102 0.250345 -0.588274 -0.801667 -0.106136 0.263749 -0.066136 -0.962321 
0.764766 -0.593921 0.249780 -0.588533 -0.801711 -0.104343 0.262223 -0.067206 -0.962664 
0.765090 -0.593742 0.249214 -0.588791 -0.801754 -0.102549 0.260696 -0.068276 -0.963004 
0.765412 -0.593564 0.248647 -0.589046 -0.801793 -0.100755 0.259168 -0.069346 -0.963339 
0.765733 -0.593388 0.248079 -0.589300 -0.801831 -0.098961 0.257640 -0.070415 -0.963672 
0.766053 -0.593213 0.247510 -0.589551 -0.801865 -0.097167 0.256110 -0.071485 -0.964001 
0.766371 -0.593040 0.246939 -0.589801 -0.801897 -0.095372 0.254579 -0.072555 -0.964326 
0.766688 -0.592868 0.246368 -0.590048 -0.801927 -0.093577 0.253048 -0.073624 -0.964648 
0.767003 -0.592698 0.245795 -0.590293 -0.801954 -0.091782 0.251515 -0.074694 -0.964967 
0.767317 -0.592529 0.245221 -0.590537 -0.801978 -0.089986 0.249981 -0.075764 -0.965282 
0.767630 -0.592362 0.244645 -0.590778 -0.802000 -0.088191 0.248447 -0.076833 -0.965594 
0.767941 -0.592196 0.244069 -0.591017 -0.802019 -0.086395 0.246911 -0.077903 -0.965902 
0.768251 -0.592032 0.243492 -0.591254 -0.802036 -0.084599 0.245375 -0.078972 -0.966206 
0.768560 -0.591869 0.242913 -0.591489 -0.802050 -0.082803 0.243837 -0.080041 -0.966508 
0.768867 -0.591708 0.242333 -0.591722 -0.802062 -0.081007 0.242299 -0.081111 -0.966805 
0.769173 -0.591548 0.241753 -0.591953 -0.802071 -0.079210 0.240759 -0.082180 -0.967100 
0.769477 -0.591390 0.241171 -0.592182 -0.802077 -0.077414 0.239219 -0.083249 -0.967390 
0.769780 -0.591233 0.240588 -0.592409 -0.802081 -0.075617 0.237678 -0.084318 -0.967677 
0.770081 -0.591078 0.240003 -0.592634 -0.802082 -0.073820 0.236136 -0.085387 -0.967961 
0.770382 -0.590924 0.239418 -0.592856 -0.802081 -0.072023 0.234593 -0.086455 -0.968242 
0.770680 -0.590772 0.238832 -0.593077 -0.802077 -0.070225 0.233049 -0.087524 -0.968518 
0.770978 -0.590621 0.238244 -0.593295 -0.802071 -0.068428 0.231504 -0.088593 -0.968792 
0.771273 -0.590472 0.237656 -0.593512 -0.802062 -0.066631 0.229958 -0.089661 -0.969061 
0.771568 -0.590324 0.237066 -0.593726 -0.802051 -0.064833 0.228412 -0.090730 -0.969328 
0.771861 -0.590178 0.236476 -0.593939 -0.802037 -0.063035 0.226864 -0.091798 -0.969591 
0.772153 -0.590033 0.235884 -0.594149 -0.802020 -0.061237 0.225316 -0.092866 -0.969850 
0.772443 -0.589890 0.235291 -0.594357 -0.802001 -0.059439 0.223767 -0.093934 -0.970106 
0.772731 -0.589748 0.234698 -0.594564 -0.801980 -0.057641 0.222216 -0.095002 -0.970358 
0.773019 -0.589608 0.234103 -0.594768 -0.801956 -0.055843 0.220665 -0.096070 -0.970607 
0.773305 -0.589470 0.233507 -0.594970 -0.801929 -0.054044 0.219114 -0.097137 -0.970852 
0.773589 -0.589332 0.232910 -0.595170 -0.801900 -0.052246 0.217561 -0.098205 -0.971094 
0.773872 -0.589197 0.232313 -0.595368 -0.801868 -0.050447 0.216007 -0.099272 -0.971332 
0.774154 -0.589063 0.231714 -0.595564 -0.801834 -0.048649 0.214453 -0.100339 -0.971567 
0.774434 -0.588930 0.231114 -0.595758 -0.801797 -0.046850 0.212898 -0.101406 -0.971798 
0.774712 -0.588799 0.230513 -0.595949 -0.801757 -0.045051 0.211342 -0.102473 -0.972026 
0.774989 -0.588670 0.229912 -0.596139 -0.801715 -0.043252 0.209785 -0.103539 -0.972250 
0.775265 -0.588542 0.229309 -0.596327 -0.801671 -0.041453 0.208227 -0.104606 -0.972471 
0.775539 -0.588416 0.228705 -0.596512 -0.801624 -0.039654 0.206669 -0.105672 -0.972688 
0.775812 -0.588291 0.228101 -0.596696 -0.801574 -0.037855 0.205110 -0.106738 -0.972901 
0.776083 -0.588168 0.227495 -0.596877 -0.801522 -0.036056 0.203549 -0.107804 -0.973111 
0.776353 -0.588046 0.226889 -0.597057 -0.801467 -0.034257 0.201989 -0.108870 -0.973318 
0.776621 -0.587926 0.226281 -0.597234 -0.801410 -0.032458 0.200427 -0.109935 -0.973521 
0.776888 -0.587807 0.225673 -0.597410 -0.801350 -0.030659 0.198864 -0.111000 -0.973721 
    42 Case ./DataCollectionSim/ is  80% Complete at Time =      800.000
0.777153 -0.587690 0.225063 -0.597583 -0.801288 -0.028860 0.197301 -0.112065 -0.973917 
0.777417 -0.587574 0.224453 -0.597754 -0.801223 -0.027061 0.195737 -0.113130 -0.974109 
0.777679 -0.587460 0.223842 -0.597923 -0.801155 -0.025262 0.194172 -0.114195 -0.974298 
0.777940 -0.587348 0.223230 -0.598090 -0.801085 -0.023462 0.192607 -0.115259 -0.974483 
0.778199 -0.587237 0.222617 -0.598255 -0.801013 -0.021663 0.191041 -0.116323 -0.974665 
0.778457 -0.587128 0.222003 -0.598418 -0.800938 -0.019864 0.189474 -0.117387 -0.974844 
0.778714 -0.587020 0.221389 -0.598579 -0.800860 -0.018065 0.187906 -0.118451 -0.975018 
0.778968 -0.586913 0.220773 -0.598738 -0.800780 -0.016266 0.186337 -0.119515 -0.975190 
0.779222 -0.586809 0.220157 -0.598894 -0.800697 -0.014467 0.184768 -0.120578 -0.975357 
0.779473 -0.586706 0.219539 -0.599049 -0.800612 -0.012668 0.183198 -0.121641 -0.975521 
0.779724 -0.586604 0.218921 -0.599201 -0.800525 -0.010869 0.181627 -0.122704 -0.975682 
0.779972 -0.586504 0.218302 -0.599352 -0.800434 -0.009070 0.180056 -0.123766 -0.975839 
0.780220 -0.586406 0.217683 -0.599500 -0.800341 -0.007271 0.178484 -0.124828 -0.975993 
0.780465 -0.586309 0.217062 -0.599647 -0.800246 -0.005472 0.176911 -0.125890 -0.976142 
0.780710 -0.586213 0.216441 -0.599791 -0.800148 -0.003673 0.175338 -0.126952 -0.976289 
0.780952 -0.586120 0.215818 -0.599933 -0.800048 -0.001874 0.173763 -0.128013 -0.976432 
0.781193 -0.586027 0.215195 -0.600073 -0.799945 -0.000075 0.172189 -0.129074 -0.976571 
0.781433 -0.585937 0.214572 -0.600212 -0.799839 0.001723 0.170613 -0.130135 -0.976707 
0.781671 -0.585848 0.213947 -0.600348 -0.799731 0.003522 0.169037 -0.131195 -0.976839 
0.781907 -0.585760 0.213322 -0.600482 -0.799621 0.005320 0.167460 -0.132256 -0.976968 
0.782142 -0.585674 0.212695 -0.600614 -0.799508 0.007119 0.165882 -0.133316 -0.977093 
0.782376 -0.585590 0.212068 -0.600743 -0.799392 0.008917 0.164304 -0.134375 -0.977214 
0.782607 -0.585507 0.211441 -0.600871 -0.799274 0.010715 0.162725 -0.135434 -0.977332 
0.782838 -0.585426 0.210812 -0.600997 -0.799153 0.012513 0.161146 -0.136493 -0.977446 
0.783066 -0.585346 0.210183 -0.601120 -0.799030 0.014311 0.159566 -0.137552 -0.977557 
0.783294 -0.585268 0.209553 -0.601242 -0.798905 0.016109 0.157985 -0.138610 -0.977665 
0.783519 -0.585192 0.208922 -0.601362 -0.798776 0.017907 0.156403 -0.139668 -0.977768 
0.783743 -0.585117 0.208291 -0.601479 -0.798646 0.019704 0.154821 -0.140726 -0.977868 
0.783966 -0.585043 0.207659 -0.601594 -0.798512 0.021502 0.153239 -0.141783 -0.977965 
0.784186 -0.584972 0.207026 -0.601708 -0.798376 0.023299 0.151656 -0.142840 -0.978058 
0.784406 -0.584901 0.206393 -0.601819 -0.798238 0.025096 0.150072 -0.143897 -0.978147 
0.784624 -0.584833 0.205759 -0.601928 -0.798097 0.026893 0.148487 -0.144953 -0.978233 
0.784840 -0.584766 0.205124 -0.602035 -0.797954 0.028690 0.146902 -0.146009 -0.978315 
0.785054 -0.584700 0.204488 -0.602140 -0.797808 0.030487 0.145317 -0.147064 -0.978394 
0.785267 -0.584636 0.203852 -0.602243 -0.797660 0.032283 0.143730 -0.148119 -0.978469 
0.785479 -0.584574 0.203215 -0.602344 -0.797509 0.034080 0.142144 -0.149174 -0.978541 
0.785689 -0.584513 0.202577 -0.602443 -0.797355 0.035876 0.140556 -0.150229 -0.978609 
0.785897 -0.584454 0.201939 -0.602540 -0.797199 0.037672 0.138968 -0.151283 -0.978673 
0.786103 -0.584397 0.201300 -0.602634 -0.797041 0.039468 0.137380 -0.152336 -0.978734 
0.786308 -0.584341 0.200661 -0.602727 -0.796880 0.041263 0.135791 -0.153390 -0.978791 
0.786512 -0.584286 0.200021 -0.602818 -0.796716 0.043059 0.134201 -0.154442 -0.978845 
0.786714 -0.584234 0.199380 -0.602906 -0.796550 0.044854 0.132611 -0.155495 -0.978895 
0.786914 -0.584183 0.198739 -0.602993 -0.796382 0.046649 0.131021 -0.156547 -0.978942 
0.787113 -0.584133 0.198097 -0.603077 -0.796211 0.048444 0.129429 -0.157598 -0.978985 
0.787310 -0.584085 0.197455 -0.603159 -0.796037 0.050238 0.127838 -0.158650 -0.979024 
0.787505 -0.584039 0.196811 -0.603239 -0.795861 0.052033 0.126246 -0.159700 -0.979060 
0.787699 -0.583994 0.196168 -0.603318 -0.795682 0.053827 0.124653 -0.160751 -0.979092 
0.787891 -0.583950 0.195524 -0.603394 -0.795501 0.055620 0.123060 -0.161801 -0.979120 
0.788082 -0.583909 0.194879 -0.603468 -0.795318 0.057414 0.121466 -0.162850 -0.979145 
0.788271 -0.583869 0.194233 -0.603540 -0.795132 0.059207 0.119872 -0.163899 -0.979167 
0.788458 -0.583830 0.193588 -0.603610 -0.794943 0.061001 0.118277 -0.164948 -0.979185 
0.788644 -0.583793 0.192941 -0.603677 -0.794752 0.062793 0.116682 -0.165996 -0.979199 
0.788828 -0.583758 0.192294 -0.603743 -0.794558 0.064586 0.115086 -0.167043 -0.979210 
0.789010 -0.583724 0.191647 -0.603807 -0.794362 0.066378 0.113490 -0.168091 -0.979217 
0.789191 -0.583692 0.190999 -0.603868 -0.794164 0.068170 0.111894 -0.169137 -0.979220 
0.789370 -0.583662 0.190350 -0.603928 -0.793962 0.069962 0.110297 -0.170184 -0.979220 
0.789548 -0.583633 0.189701 -0.603985 -0.793759 0.071753 0.108699 -0.171230 -0.979216 
0.789724 -0.583606 0.189052 -0.604041 -0.793553 0.073545 0.107101 -0.172275 -0.979209 
0.789898 -0.583580 0.188402 -0.604094 -0.793344 0.075335 0.105503 -0.173320 -0.979198 
0.790071 -0.583556 0.187751 -0.604146 -0.793133 0.077126 0.103904 -0.174364 -0.979184 
0.790242 -0.583533 0.187100 -0.604195 -0.792919 0.078916 0.102305 -0.175408 -0.979166 
0.790411 -0.583512 0.186449 -0.604242 -0.792703 0.080706 0.100706 -0.176451 -0.979144 
0.790579 -0.583493 0.185797 -0.604287 -0.792484 0.082496 0.099106 -0.177494 -0.979119 
0.790745 -0.583475 0.185145 -0.604330 -0.792263 0.084285 0.097505 -0.178537 -0.979090 
0.790910 -0.583459 0.184492 -0.604371 -0.792040 0.086074 0.095904 -0.179578 -0.979058 
0.791072 -0.583445 0.183839 -0.604410 -0.791814 0.087863 0.094303 -0.180620 -0.979022 
0.791234 -0.583432 0.183185 -0.604447 -0.791585 0.089651 0.092701 -0.181661 -0.978982 
0.791393 -0.583420 0.182531 -0.604481 -0.791354 0.091439 0.091100 -0.182701 -0.978939 
0.791551 -0.583411 0.181877 -0.604514 -0.791120 0.093226 0.089497 -0.183741 -0.978892 
0.791707 -0.583402 0.181222 -0.604545 -0.790884 0.095014 0.087894 -0.184780 -0.978842 
0.791862 -0.583396 0.180567 -0.604573 -0.790646 0.096801 0.086291 -0.185819 -0.978788 
0.792014 -0.583391 0.179911 -0.604600 -0.790405 0.098587 0.084688 -0.186857 -0.978730 
0.792166 -0.583388 0.179255 -0.604624 -0.790161 0.100373 0.083084 -0.187894 -0.978669 
0.792315 -0.583386 0.178599 -0.604647 -0.789915 0.102159 0.081480 -0.188931 -0.978604 
0.792463 -0.583386 0.177942 -0.604667 -0.789667 0.103944 0.079875 -0.189968 -0.978536 
0.792609 -0.583387 0.177285 -0.604685 -0.789416 0.105729 0.078271 -0.191004 -0.978464 
0.792754 -0.583390 0.176628 -0.604701 -0.789162 0.107514 0.076666 -0.192039 -0.978388 
0.792897 -0.583395 0.175970 -0.604716 -0.788906 0.109298 0.075060 -0.193074 -0.978309 
0.793038 -0.583401 0.175312 -0.604728 -0.788648 0.111082 0.073454 -0.194108 -0.978226 
0.793177 -0.583409 0.174654 -0.604738 -0.788387 0.112865 0.071848 -0.195142 -0.978140 
0.793315 -0.583418 0.173995 -0.604746 -0.788124 0.114648 0.070242 -0.196175 -0.978050 
0.793451 -0.583429 0.173336 -0.604751 -0.787858 0.116430 0.068635 -0.197207 -0.977956 
0.793586 -0.583442 0.172677 -0.604755 -0.787589 0.118212 0.067028 -0.198239 -0.977859 
0.793719 -0.583456 0.172017 -0.604757 -0.787319 0.119994 0.065421 -0.199270 -0.977758 
0.793850 -0.583472 0.171357 -0.604757 -0.787045 0.121775 0.063813 -0.200301 -0.977654 
0.793979 -0.583489 0.170697 -0.604754 -0.786769 0.123556 0.062206 -0.201331 -0.977546 
0.794107 -0.583508 0.170037 -0.604750 -0.786491 0.125336 0.060597 -0.202360 -0.977435 
0.794233 -0.583529 0.169376 -0.604743 -0.786211 0.127116 0.058989 -0.203389 -0.977319 
0.794357 -0.583551 0.168715 -0.604735 -0.785927 0.128896 0.057381 -0.204417 -0.977201 
0.794480 -0.583575 0.168054 -0.604724 -0.785642 0.130675 0.055772 -0.205444 -0.977078 
0.794601 -0.583600 0.167392 -0.604711 -0.785354 0.132453 0.054163 -0.206471 -0.976952 
0.794720 -0.583627 0.166731 -0.604697 -0.785063 0.134231 0.052553 -0.207498 -0.976823 
0.794838 -0.583656 0.166069 -0.604680 -0.784770 0.136008 0.050944 -0.208523 -0.976690 
0.794954 -0.583686 0.165407 -0.604661 -0.784475 0.137785 0.049334 -0.209548 -0.976553 
0.795068 -0.583718 0.164745 -0.604640 -0.784177 0.139562 0.047724 -0.210572 -0.976413 
0.795180 -0.583751 0.164082 -0.604617 -0.783876 0.141338 0.046114 -0.211596 -0.976269 
0.795291 -0.583786 0.163419 -0.604592 -0.783573 0.143114 0.044503 -0.212619 -0.976121 
0.795400 -0.583823 0.162757 -0.604565 -0.783268 0.144889 0.042893 -0.213641 -0.975970 
0.795508 -0.583861 0.162094 -0.604536 -0.782960 0.146663 0.041282 -0.214663 -0.975815 
0.795613 -0.583900 0.161430 -0.604504 -0.782650 0.148437 0.039671 -0.215684 -0.975657 
    42 Case ./DataCollectionSim/ is  90% Complete at Time =      900.000
0.795717 -0.583942 0.160767 -0.604471 -0.782337 0.150210 0.038060 -0.216704 -0.975495 
0.795820 -0.583985 0.160104 -0.604436 -0.782022 0.151983 0.036449 -0.217724 -0.975330 
0.795920 -0.584029 0.159440 -0.604398 -0.781704 0.153756 0.034837 -0.218743 -0.975161 
0.796019 -0.584075 0.158776 -0.604359 -0.781384 0.155528 0.033225 -0.219761 -0.974988 
0.796116 -0.584123 0.158112 -0.604318 -0.781062 0.157299 0.031614 -0.220778 -0.974812 
0.796212 -0.584172 0.157448 -0.604274 -0.780737 0.159070 0.030002 -0.221795 -0.974632 
0.796305 -0.584223 0.156784 -0.604228 -0.780409 0.160840 0.028389 -0.222811 -0.974448 
0.796397 -0.584275 0.156120 -0.604181 -0.780079 0.162610 0.026777 -0.223826 -0.974261 
0.796488 -0.584329 0.155456 -0.604131 -0.779747 0.164379 0.025165 -0.224841 -0.974070 
0.796576 -0.584385 0.154791 -0.604079 -0.779412 0.166147 0.023552 -0.225855 -0.973876 
0.796663 -0.584442 0.154127 -0.604025 -0.779075 0.167915 0.021940 -0.226868 -0.973678 
0.796748 -0.584501 0.153462 -0.603969 -0.778735 0.169682 0.020327 -0.227881 -0.973477 
0.796832 -0.584561 0.152798 -0.603911 -0.778393 0.171449 0.018714 -0.228892 -0.973272 
0.796913 -0.584623 0.152133 -0.603851 -0.778049 0.173215 0.017101 -0.229903 -0.973063 
0.796993 -0.584687 0.151468 -0.603789 -0.777702 0.174981 0.015488 -0.230914 -0.972851 
0.797072 -0.584752 0.150804 -0.603725 -0.777352 0.176746 0.013875 -0.231923 -0.972635 
0.797148 -0.584819 0.150139 -0.603659 -0.777001 0.178510 0.012262 -0.232932 -0.972416 
0.797223 -0.584887 0.149474 -0.603591 -0.776646 0.180274 0.010649 -0.233940 -0.972193 
0.797296 -0.584957 0.148809 -0.603521 -0.776290 0.182037 0.009035 -0.234947 -0.971966 
0.797368 -0.585028 0.148144 -0.603448 -0.775930 0.183800 0.007422 -0.235953 -0.971736 
0.797437 -0.585101 0.147480 -0.603374 -0.775569 0.185561 0.005808 -0.236959 -0.971502 
0.797505 -0.585176 0.146815 -0.603297 -0.775205 0.187323 0.004195 -0.237964 -0.971265 
0.797571 -0.585252 0.146150 -0.603219 -0.774838 0.189083 0.002581 -0.238968 -0.971024 
0.797636 -0.585330 0.145485 -0.603138 -0.774469 0.190843 0.000968 -0.239971 -0.970780 
0.797699 -0.585409 0.144821 -0.603056 -0.774098 0.192602 -0.000646 -0.240974 -0.970531 
0.797760 -0.585490 0.144156 -0.602971 -0.773724 0.194361 -0.002260 -0.241975 -0.970280 
0.797819 -0.585572 0.143491 -0.602885 -0.773348 0.196119 -0.003873 -0.242976 -0.970025 
0.797877 -0.585657 0.142827 -0.602796 -0.772970 0.197876 -0.005487 -0.243976 -0.969766 
0.797932 -0.585742 0.142162 -0.602705 -0.772589 0.199633 -0.007101 -0.244976 -0.969503 
0.797986 -0.585829 0.141498 -0.602612 -0.772205 0.201389 -0.008714 -0.245974 -0.969237 
0.798039 -0.585918 0.140833 -0.602517 -0.771819 0.203144 -0.010328 -0.246972 -0.968968 
0.798089 -0.586008 0.140169 -0.602421 -0.771431 0.204899 -0.011942 -0.247968 -0.968695 
0.798138 -0.586100 0.139505 -0.602322 -0.771040 0.206653 -0.013555 -0.248964 -0.968418 
0.798186 -0.586194 0.138841 -0.602221 -0.770647 0.208406 -0.015169 -0.249960 -0.968137 
0.798231 -0.586289 0.138177 -0.602118 -0.770252 0.210159 -0.016783 -0.250954 -0.967854 
0.798275 -0.586385 0.137513 -0.602013 -0.769854 0.211910 -0.018396 -0.251947 -0.967566 
0.798317 -0.586483 0.136849 -0.601905 -0.769454 0.213661 -0.020010 -0.252940 -0.967275 
0.798357 -0.586583 0.136186 -0.601796 -0.769051 0.215412 -0.021623 -0.253932 -0.966980 
0.798395 -0.586684 0.135522 -0.601685 -0.768646 0.217161 -0.023237 -0.254922 -0.966682 
0.798432 -0.586787 0.134859 -0.601572 -0.768238 0.218910 -0.024850 -0.255913 -0.966380 
0.798467 -0.586891 0.134196 -0.601456 -0.767828 0.220659 -0.026463 -0.256902 -0.966075 
0.798500 -0.586997 0.133533 -0.601339 -0.767416 0.222406 -0.028076 -0.257890 -0.965766 
0.798532 -0.587105 0.132870 -0.601220 -0.767001 0.224153 -0.029689 -0.258877 -0.965454 
0.798562 -0.587214 0.132208 -0.601098 -0.766584 0.225899 -0.031303 -0.259864 -0.965138 
0.798590 -0.587324 0.131545 -0.600975 -0.766164 0.227644 -0.032915 -0.260849 -0.964818 
0.798616 -0.587437 0.130883 -0.600849 -0.765742 0.229388 -0.034528 -0.261834 -0.964495 
0.798641 -0.587550 0.130221 -0.600722 -0.765318 0.231132 -0.036141 -0.262818 -0.964168 
0.798664 -0.587665 0.129559 -0.600592 -0.764891 0.232875 -0.037754 -0.263801 -0.963838 
0.798685 -0.587782 0.128898 -0.600461 -0.764462 0.234617 -0.039366 -0.264783 -0.963504 
0.798704 -0.587901 0.128236 -0.600327 -0.764030 0.236358 -0.040979 -0.265764 -0.963167 
0.798722 -0.588020 0.127575 -0.600191 -0.763596 0.238099 -0.042591 -0.266744 -0.962826 
0.798738 -0.588142 0.126915 -0.600053 -0.763160 0.239839 -0.044203 -0.267724 -0.962481 
0.798752 -0.588265 0.126254 -0.599914 -0.762721 0.241578 -0.045815 -0.268702 -0.962133 
0.798764 -0.588389 0.125594 -0.599772 -0.762280 0.243316 -0.047427 -0.269679 -0.961782 
0.798775 -0.588515 0.124934 -0.599628 -0.761837 0.245053 -0.049039 -0.270656 -0.961426 
0.798784 -0.588643 0.124274 -0.599482 -0.761391 0.246790 -0.050650 -0.271632 -0.961068 
0.798791 -0.588772 0.123614 -0.599334 -0.760943 0.248525 -0.052261 -0.272606 -0.960705 
0.798797 -0.588903 0.122955 -0.599184 -0.760492 0.250260 -0.053873 -0.273580 -0.960339 
0.798800 -0.589035 0.122296 -0.599032 -0.760039 0.251994 -0.055484 -0.274553 -0.959970 
0.798802 -0.589168 0.121638 -0.598878 -0.759583 0.253728 -0.057094 -0.275524 -0.959597 
0.798802 -0.589304 0.120979 -0.598722 -0.759126 0.255460 -0.058705 -0.276495 -0.959221 
0.798801 -0.589440 0.120321 -0.598564 -0.758665 0.257192 -0.060315 -0.277465 -0.958841 
0.798798 -0.589579 0.119664 -0.598404 -0.758203 0.258922 -0.061926 -0.278434 -0.958457 
0.798793 -0.589718 0.119007 -0.598242 -0.757738 0.260652 -0.063536 -0.279402 -0.958070 
0.798786 -0.589860 0.118350 -0.598078 -0.757271 0.262381 -0.065145 -0.280369 -0.957679 
0.798777 -0.590002 0.117693 -0.597912 -0.756801 0.264110 -0.066755 -0.281335 -0.957285 
0.798767 -0.590147 0.117037 -0.597743 -0.756329 0.265837 -0.068364 -0.282300 -0.956887 
0.798755 -0.590293 0.116381 -0.597573 -0.755855 0.267563 -0.069973 -0.283264 -0.956486 
0.798742 -0.590440 0.115726 -0.597401 -0.755378 0.269289 -0.071582 -0.284227 -0.956081 
0.798726 -0.590589 0.115071 -0.597227 -0.754899 0.271013 -0.073191 -0.285189 -0.955673 
0.798709 -0.590739 0.114416 -0.597050 -0.754417 0.272737 -0.074799 -0.286150 -0.955261 
0.798690 -0.590891 0.113762 -0.596872 -0.753933 0.274460 -0.076407 -0.287110 -0.954846 
0.798669 -0.591045 0.113108 -0.596692 -0.753447 0.276182 -0.078015 -0.288069 -0.954427 
0.798647 -0.591200 0.112454 -0.596509 -0.752959 0.277903 -0.079623 -0.289027 -0.954004 
0.798623 -0.591356 0.111801 -0.596325 -0.752468 0.279623 -0.081230 -0.289983 -0.953578 
0.798597 -0.591514 0.111149 -0.596138 -0.751974 0.281343 -0.082837 -0.290939 -0.953149 
0.798569 -0.591673 0.110497 -0.595950 -0.751479 0.283061 -0.084444 -0.291894 -0.952716 
0.798540 -0.591834 0.109845 -0.595759 -0.750981 0.284778 -0.086050 -0.292848 -0.952279 
0.798509 -0.591997 0.109194 -0.595567 -0.750480 0.286495 -0.087656 -0.293801 -0.951839 
0.798476 -0.592161 0.108543 -0.595372 -0.749978 0.288210 -0.089262 -0.294752 -0.951395 
0.798442 -0.592326 0.107893 -0.595176 -0.749473 0.289925 -0.090867 -0.295703 -0.950948 
0.798405 -0.592493 0.107243 -0.594977 -0.748965 0.291639 -0.092473 -0.296653 -0.950498 
0.798367 -0.592661 0.106594 -0.594777 -0.748456 0.293351 -0.094077 -0.297601 -0.950044 
0.798327 -0.592831 0.105945 -0.594574 -0.747944 0.295063 -0.095682 -0.298549 -0.949586 
0.798286 -0.593003 0.105296 -0.594369 -0.747429 0.296774 -0.097286 -0.299495 -0.949125 
0.798243 -0.593176 0.104649 -0.594163 -0.746912 0.298484 -0.098890 -0.300441 -0.948660 
0.798198 -0.593350 0.104001 -0.593954 -0.746393 0.300192 -0.100493 -0.301385 -0.948192 
0.798151 -0.593526 0.103355 -0.593743 -0.745872 0.301900 -0.102096 -0.302328 -0.947720 
0.798103 -0.593703 0.102708 -0.593531 -0.745348 0.303607 -0.103699 -0.303270 -0.947245 
0.798052 -0.593882 0.102063 -0.593316 -0.744822 0.305313 -0.105301 -0.304211 -0.946767 
0.798000 -0.594062 0.101418 -0.593099 -0.744294 0.307018 -0.106903 -0.305151 -0.946284 
0.797947 -0.594244 0.100773 -0.592881 -0.743763 0.308722 -0.108505 -0.306090 -0.945799 
0.797891 -0.594427 0.100129 -0.592660 -0.743230 0.310425 -0.110106 -0.307028 -0.945310 
0.797834 -0.594612 0.099486 -0.592437 -0.742694 0.312127 -0.111707 -0.307965 -0.944817 
0.797776 -0.594798 0.098843 -0.592212 -0.742157 0.313828 -0.113307 -0.308900 -0.944321 
0.797715 -0.594985 0.098201 -0.591986 -0.741617 0.315528 -0.114907 -0.309835 -0.943821 
0.797653 -0.595174 0.097559 -0.591757 -0.741074 0.317227 -0.116507 -0.310768 -0.943318 
0.797589 -0.595365 0.096918 -0.591526 -0.740530 0.318924 -0.118106 -0.311700 -0.942812 
0.797523 -0.595557 0.096277 -0.591293 -0.739983 0.320621 -0.119705 -0.312631 -0.942302 
0.797456 -0.595750 0.095638 -0.591059 -0.739433 0.322317 -0.121303 -0.313561 -0.941788 
    42 Case ./DataCollectionSim/ is 100% Complete at Time =     1000.000
     Total Run Time =     16.60 sec
     Sim Speed =    60.24 x Real
